7.120000000000000000e+03
2.395000000000000000e+03
5.226000000000000000e+03
8.050000000000000000e+02
1.874000000000000000e+03
2.136000000000000000e+03
2.100000000000000000e+03
7.178000000000000000e+03
2.488000000000000000e+03
1.266000000000000000e+03
3.863000000000000000e+03
1.271000000000000000e+03
3.932000000000000000e+03
3.087000000000000000e+03
1.788000000000000000e+03
2.123000000000000000e+03
7.292000000000000000e+03
6.239000000000000000e+03
5.207000000000000000e+03
4.013000000000000000e+03
5.055000000000000000e+03
7.148000000000000000e+03
1.839000000000000000e+03
1.156000000000000000e+03
1.275000000000000000e+03
2.875000000000000000e+03
2.876000000000000000e+03
2.637000000000000000e+03
3.068000000000000000e+03
4.437000000000000000e+03
3.899000000000000000e+03
1.782000000000000000e+03
7.208000000000000000e+03
1.389000000000000000e+03
7.640000000000000000e+02
3.067000000000000000e+03
1.656000000000000000e+03
2.220000000000000000e+03
2.777000000000000000e+03
2.741000000000000000e+03
5.806000000000000000e+03
1.488000000000000000e+03
1.453000000000000000e+03
3.335000000000000000e+03
1.341000000000000000e+03
1.821000000000000000e+03
4.577000000000000000e+03
2.083000000000000000e+03
4.622000000000000000e+03
2.014000000000000000e+03
7.318000000000000000e+03
1.771000000000000000e+03
3.451000000000000000e+03
2.753000000000000000e+03
2.483000000000000000e+03
5.232000000000000000e+03
1.916000000000000000e+03
1.528000000000000000e+03
6.476000000000000000e+03
5.624000000000000000e+03
8.870000000000000000e+02
4.073000000000000000e+03
4.804000000000000000e+03
2.634000000000000000e+03
1.126000000000000000e+03
8.350000000000000000e+02
3.057000000000000000e+03
1.243000000000000000e+03
8.890000000000000000e+02
1.665000000000000000e+03
2.532000000000000000e+03
6.181000000000000000e+03
7.202000000000000000e+03
2.332000000000000000e+03
2.097000000000000000e+03
3.037000000000000000e+03
5.257000000000000000e+03
2.663000000000000000e+03
1.191000000000000000e+03
3.610000000000000000e+03
1.443000000000000000e+03
1.475000000000000000e+03
2.075000000000000000e+03
9.730000000000000000e+02
8.002000000000000000e+03
8.103000000000000000e+03
4.035000000000000000e+03
4.198000000000000000e+03
5.720000000000000000e+02
2.405000000000000000e+03
6.351000000000000000e+03
4.903000000000000000e+03
1.894000000000000000e+03
2.426000000000000000e+03
3.182000000000000000e+03
1.573000000000000000e+03
2.837000000000000000e+03
8.380000000000000000e+02
7.910000000000000000e+02
6.512000000000000000e+03
2.760000000000000000e+03
1.443000000000000000e+03
3.927000000000000000e+03
3.713000000000000000e+03
7.122000000000000000e+03
4.755000000000000000e+03
3.757000000000000000e+03
1.740000000000000000e+03
1.470000000000000000e+03
2.688000000000000000e+03
2.103000000000000000e+03
4.131000000000000000e+03
9.070000000000000000e+02
2.174000000000000000e+03
1.627000000000000000e+03
2.367000000000000000e+03
2.444000000000000000e+03
1.002000000000000000e+03
6.490000000000000000e+02
1.655000000000000000e+03
1.877000000000000000e+03
1.231000000000000000e+03
1.125000000000000000e+03
1.467000000000000000e+03
9.910000000000000000e+02
4.550000000000000000e+02
1.011000000000000000e+03
1.877000000000000000e+03
9.730000000000000000e+02
2.051000000000000000e+03
1.037000000000000000e+03
8.610000000000000000e+02
7.190000000000000000e+02
9.030000000000000000e+02
1.402000000000000000e+03
1.140000000000000000e+03
8.710000000000000000e+02
1.595000000000000000e+03
8.290000000000000000e+02
1.296000000000000000e+03
2.631000000000000000e+03
1.335000000000000000e+03
3.722000000000000000e+03
1.720000000000000000e+03
1.050000000000000000e+03
2.565000000000000000e+03
1.189000000000000000e+03
4.559000000000000000e+03
2.847000000000000000e+03
7.930000000000000000e+02
2.861000000000000000e+03
4.729000000000000000e+03
2.489000000000000000e+03
8.830000000000000000e+02
1.044000000000000000e+03
1.729000000000000000e+03
1.842000000000000000e+03
1.221000000000000000e+03
1.102000000000000000e+03
1.233000000000000000e+03
2.928000000000000000e+03
6.069000000000000000e+03
2.401000000000000000e+03
7.134000000000000000e+03
1.684000000000000000e+03
4.005000000000000000e+03
2.230000000000000000e+03
2.151000000000000000e+03
4.627000000000000000e+03
2.249000000000000000e+03
6.300000000000000000e+02
8.890000000000000000e+02
9.720000000000000000e+02
1.995000000000000000e+03
2.083000000000000000e+03
2.429000000000000000e+03
1.871000000000000000e+03
1.654000000000000000e+03
9.890000000000000000e+02
1.126000000000000000e+03
8.820000000000000000e+02
2.463000000000000000e+03
4.463000000000000000e+03
1.181000000000000000e+03
1.319000000000000000e+03
1.711000000000000000e+03
3.414000000000000000e+03
1.886000000000000000e+03
1.375000000000000000e+03
3.179000000000000000e+03
1.851000000000000000e+03
6.860000000000000000e+02
4.408000000000000000e+03
3.140000000000000000e+03
2.345000000000000000e+03
1.461000000000000000e+03
2.982000000000000000e+03
1.974000000000000000e+03
1.600000000000000000e+03
7.321000000000000000e+03
7.280000000000000000e+02
9.080000000000000000e+02
1.725000000000000000e+03
3.880000000000000000e+02
3.460000000000000000e+02
1.160000000000000000e+03
6.290000000000000000e+02
1.094000000000000000e+03
6.620000000000000000e+02
1.041000000000000000e+03
7.153000000000000000e+03
4.890000000000000000e+02
2.562000000000000000e+03
2.498000000000000000e+03
2.701000000000000000e+03
6.124000000000000000e+03
1.259000000000000000e+03
5.746000000000000000e+03
5.584000000000000000e+03
3.382000000000000000e+03
1.391000000000000000e+03
1.700000000000000000e+03
1.349000000000000000e+03
1.189000000000000000e+03
2.581000000000000000e+03
2.900000000000000000e+03
1.423000000000000000e+03
5.269000000000000000e+03
1.923000000000000000e+03
1.094000000000000000e+03
5.030000000000000000e+02
4.220000000000000000e+02
6.840000000000000000e+02
9.370000000000000000e+02
7.130000000000000000e+02
6.290000000000000000e+02
1.572000000000000000e+03
1.853000000000000000e+03
9.720000000000000000e+02
7.800000000000000000e+02
2.949000000000000000e+03
1.895000000000000000e+03
1.340000000000000000e+03
1.805000000000000000e+03
2.001000000000000000e+03
2.637000000000000000e+03
1.114000000000000000e+03
1.894000000000000000e+03
3.591000000000000000e+03
1.822000000000000000e+03
6.670000000000000000e+02
5.122000000000000000e+03
1.892000000000000000e+03
8.320000000000000000e+02
1.587000000000000000e+03
7.120000000000000000e+02
6.786000000000000000e+03
2.069000000000000000e+03
7.300000000000000000e+02
1.244000000000000000e+03
8.520000000000000000e+02
8.670000000000000000e+02
6.260000000000000000e+02
1.007000000000000000e+03
3.760000000000000000e+02
1.377000000000000000e+03
7.730000000000000000e+02
8.300000000000000000e+02
7.560000000000000000e+02
7.510000000000000000e+02
7.430000000000000000e+02
1.253000000000000000e+03
8.820000000000000000e+02
8.810000000000000000e+02
6.840000000000000000e+02
1.571000000000000000e+03
8.810000000000000000e+02
1.233000000000000000e+03
5.930000000000000000e+02
1.126000000000000000e+03
1.024000000000000000e+03
1.594000000000000000e+03
2.479000000000000000e+03
2.109000000000000000e+03
1.469000000000000000e+03
1.976000000000000000e+03
1.306000000000000000e+03
2.412000000000000000e+03
3.627000000000000000e+03
1.908000000000000000e+03
1.963000000000000000e+03
1.459000000000000000e+03
1.018000000000000000e+03
1.695000000000000000e+03
7.390000000000000000e+02
1.766000000000000000e+03
2.706000000000000000e+03
1.238000000000000000e+03
1.056000000000000000e+03
5.960000000000000000e+02
6.450000000000000000e+02
5.960000000000000000e+02
5.180000000000000000e+02
8.120000000000000000e+02
6.530000000000000000e+02
8.880000000000000000e+02
8.260000000000000000e+02
5.370000000000000000e+02
1.178000000000000000e+03
5.140000000000000000e+02
1.407000000000000000e+03
6.100000000000000000e+02
7.480000000000000000e+02
4.810000000000000000e+02
6.070000000000000000e+02
1.160000000000000000e+03
8.120000000000000000e+02
8.850000000000000000e+02
4.760000000000000000e+02
1.279000000000000000e+03
2.124000000000000000e+03
2.022000000000000000e+03
8.150000000000000000e+02
1.750000000000000000e+03
7.914000000000000000e+03
2.457000000000000000e+03
3.369000000000000000e+03
3.794000000000000000e+03
3.546000000000000000e+03
3.352000000000000000e+03
8.430000000000000000e+02
8.720000000000000000e+02
7.520000000000000000e+02
1.001000000000000000e+03
8.830000000000000000e+02
1.106000000000000000e+03
9.070000000000000000e+02
8.320000000000000000e+02
4.460000000000000000e+02
5.950000000000000000e+02
1.507000000000000000e+03
1.565000000000000000e+03
2.809000000000000000e+03
2.622000000000000000e+03
2.266000000000000000e+03
2.156000000000000000e+03
3.688000000000000000e+03
2.791000000000000000e+03
1.378000000000000000e+03
5.619000000000000000e+03
9.340000000000000000e+02
7.130000000000000000e+02
1.471000000000000000e+03
1.323000000000000000e+03
2.205000000000000000e+03
1.031000000000000000e+03
6.100000000000000000e+02
1.814000000000000000e+03
1.134000000000000000e+03
2.329000000000000000e+03
8.100000000000000000e+02
4.800000000000000000e+02
7.370000000000000000e+02
5.250000000000000000e+02
4.680000000000000000e+02
6.820000000000000000e+02
1.088000000000000000e+03
1.796000000000000000e+03
3.470000000000000000e+02
3.000000000000000000e+02
3.330000000000000000e+02
6.960000000000000000e+02
1.221000000000000000e+03
4.270000000000000000e+02
5.900000000000000000e+02
3.330000000000000000e+02
8.510000000000000000e+02
6.020000000000000000e+02
1.434000000000000000e+03
7.440000000000000000e+02
1.586000000000000000e+03
1.160000000000000000e+03
4.150000000000000000e+02
1.349000000000000000e+03
1.119000000000000000e+03
1.146000000000000000e+03
1.273000000000000000e+03
7.560000000000000000e+02
2.249000000000000000e+03
7.010000000000000000e+02
1.233000000000000000e+03
2.113000000000000000e+03
1.986000000000000000e+03
2.232000000000000000e+03
8.760000000000000000e+02
1.142000000000000000e+03
9.110000000000000000e+02
1.266000000000000000e+03
9.210000000000000000e+02
1.261000000000000000e+03
1.485000000000000000e+03
1.045000000000000000e+03
8.010000000000000000e+02
9.280000000000000000e+02
7.500000000000000000e+02
5.300000000000000000e+02
6.070000000000000000e+02
8.480000000000000000e+02
1.011000000000000000e+03
3.670000000000000000e+02
7.929000000000000000e+03
8.330000000000000000e+02
2.258000000000000000e+03
1.731000000000000000e+03
9.870000000000000000e+02
8.080000000000000000e+02
2.081000000000000000e+03
2.289000000000000000e+03
1.540000000000000000e+03
6.420000000000000000e+02
1.495000000000000000e+03
3.650000000000000000e+02
8.510000000000000000e+02
3.400000000000000000e+02
5.330000000000000000e+02
1.089000000000000000e+03
1.453000000000000000e+03
9.020000000000000000e+02
7.060000000000000000e+02
6.430000000000000000e+02
9.320000000000000000e+02
3.951000000000000000e+03
2.775000000000000000e+03
1.271000000000000000e+03
1.220000000000000000e+03
1.233000000000000000e+03
1.196000000000000000e+03
1.993000000000000000e+03
1.536000000000000000e+03
2.896000000000000000e+03
1.658000000000000000e+03
8.980000000000000000e+02
1.164000000000000000e+03
2.011000000000000000e+03
9.500000000000000000e+02
1.052000000000000000e+03
2.436000000000000000e+03
5.299000000000000000e+03
1.009000000000000000e+03
1.523000000000000000e+03
4.139000000000000000e+03
4.218000000000000000e+03
1.076000000000000000e+03
5.879000000000000000e+03
1.745000000000000000e+03
5.255000000000000000e+03
1.108000000000000000e+03
4.304000000000000000e+03
1.247000000000000000e+03
1.156000000000000000e+03
8.210000000000000000e+02
9.270000000000000000e+02
9.760000000000000000e+02
6.750000000000000000e+02
1.391000000000000000e+03
7.060000000000000000e+02
5.860000000000000000e+02
7.310000000000000000e+02
4.610000000000000000e+02
1.282000000000000000e+03
1.164000000000000000e+03
8.200000000000000000e+02
3.750000000000000000e+02
6.670000000000000000e+02
7.310000000000000000e+02
8.060000000000000000e+02
3.920000000000000000e+02
9.400000000000000000e+02
8.500000000000000000e+02
8.310000000000000000e+02
9.650000000000000000e+02
1.970000000000000000e+03
1.675000000000000000e+03
8.840000000000000000e+02
1.239000000000000000e+03
2.185000000000000000e+03
1.383000000000000000e+03
1.031000000000000000e+03
1.272000000000000000e+03
6.940000000000000000e+02
1.041000000000000000e+03
1.415000000000000000e+03
1.180000000000000000e+03
1.015000000000000000e+03
4.000000000000000000e+02
6.620000000000000000e+02
1.750000000000000000e+03
1.163000000000000000e+03
7.620000000000000000e+02
1.007000000000000000e+03
1.649000000000000000e+03
1.672000000000000000e+03
8.350000000000000000e+02
2.084000000000000000e+03
9.420000000000000000e+02
1.072000000000000000e+03
1.158000000000000000e+03
9.710000000000000000e+02
2.750000000000000000e+03
2.159000000000000000e+03
1.264000000000000000e+03
1.097000000000000000e+03
3.257000000000000000e+03
1.182000000000000000e+03
1.832000000000000000e+03
3.579000000000000000e+03
1.995000000000000000e+03
1.392000000000000000e+03
1.190000000000000000e+03
1.010000000000000000e+03
8.990000000000000000e+02
1.084000000000000000e+03
6.240000000000000000e+02
6.340000000000000000e+02
1.545000000000000000e+03
8.270000000000000000e+02
6.370000000000000000e+02
7.220000000000000000e+02
8.850000000000000000e+02
8.360000000000000000e+02
3.159000000000000000e+03
2.090000000000000000e+03
2.592000000000000000e+03
1.930000000000000000e+03
7.630000000000000000e+02
1.191000000000000000e+03
2.467000000000000000e+03
1.162000000000000000e+03
1.611000000000000000e+03
1.538000000000000000e+03
2.386000000000000000e+03
1.194000000000000000e+03
3.490000000000000000e+03
2.437000000000000000e+03
1.734000000000000000e+03
2.344000000000000000e+03
3.137000000000000000e+03
4.985000000000000000e+03
1.860000000000000000e+03
4.843000000000000000e+03
1.943000000000000000e+03
1.738000000000000000e+03
8.920000000000000000e+02
2.681000000000000000e+03
4.920000000000000000e+02
2.011000000000000000e+03
1.242000000000000000e+03
8.020000000000000000e+02
1.438000000000000000e+03
1.955000000000000000e+03
2.426000000000000000e+03
2.565000000000000000e+03
1.434000000000000000e+03
3.314000000000000000e+03
1.240000000000000000e+03
2.034000000000000000e+03
1.204000000000000000e+03
1.531000000000000000e+03
5.416000000000000000e+03
2.925000000000000000e+03
1.307000000000000000e+03
9.020000000000000000e+02
3.690000000000000000e+02
5.290000000000000000e+02
6.600000000000000000e+02
8.340000000000000000e+02
4.110000000000000000e+02
1.426000000000000000e+03
7.750000000000000000e+02
7.750000000000000000e+02
8.440000000000000000e+02
6.570000000000000000e+02
1.390000000000000000e+03
1.576000000000000000e+03
4.810000000000000000e+02
6.520000000000000000e+02
1.234000000000000000e+03
1.156000000000000000e+03
1.089000000000000000e+03
7.300000000000000000e+02
7.501000000000000000e+03
2.078000000000000000e+03
8.471000000000000000e+03
3.667000000000000000e+03
3.731000000000000000e+03
6.867000000000000000e+03
2.601000000000000000e+03
7.185000000000000000e+03
8.980000000000000000e+02
2.161000000000000000e+03
4.937000000000000000e+03
1.817000000000000000e+03
3.467000000000000000e+03
4.308000000000000000e+03
1.621000000000000000e+03
2.600000000000000000e+03
2.164000000000000000e+03
7.278000000000000000e+03
2.249000000000000000e+03
9.960000000000000000e+02
1.176000000000000000e+03
4.700000000000000000e+02
7.350000000000000000e+02
6.070000000000000000e+02
1.000000000000000000e+03
1.017000000000000000e+03
7.780000000000000000e+02
9.420000000000000000e+02
1.678000000000000000e+03
2.275000000000000000e+03
1.449000000000000000e+03
1.271000000000000000e+03
4.800000000000000000e+02
4.130000000000000000e+02
1.064000000000000000e+03
1.407000000000000000e+03
8.120000000000000000e+02
1.445000000000000000e+03
6.106000000000000000e+03
4.390000000000000000e+02
1.358000000000000000e+03
1.128000000000000000e+03
1.109000000000000000e+03
1.260000000000000000e+03
1.119000000000000000e+03
3.259000000000000000e+03
1.243000000000000000e+03
1.115000000000000000e+03
9.750000000000000000e+02
9.010000000000000000e+02
7.190000000000000000e+02
7.460000000000000000e+02
1.348000000000000000e+03
6.800000000000000000e+02
4.530000000000000000e+02
3.460000000000000000e+02
5.390000000000000000e+02
1.244000000000000000e+03
1.302000000000000000e+03
8.600000000000000000e+02
5.670000000000000000e+02
1.428000000000000000e+03
8.990000000000000000e+02
5.060000000000000000e+02
1.332000000000000000e+03
1.022000000000000000e+03
1.159000000000000000e+03
4.040000000000000000e+02
7.690000000000000000e+02
8.410000000000000000e+02
1.944000000000000000e+03
1.168000000000000000e+03
9.410000000000000000e+02
8.000000000000000000e+03
1.077000000000000000e+03
2.750000000000000000e+03
1.851000000000000000e+03
2.113000000000000000e+03
2.715000000000000000e+03
3.151000000000000000e+03
7.240000000000000000e+02
9.700000000000000000e+02
1.270000000000000000e+03
7.180000000000000000e+02
8.390000000000000000e+02
7.170000000000000000e+02
5.320000000000000000e+02
1.294000000000000000e+03
1.314000000000000000e+03
1.083000000000000000e+03
6.340000000000000000e+02
1.005000000000000000e+03
3.010000000000000000e+02
8.400000000000000000e+02
1.153000000000000000e+03
5.830000000000000000e+02
7.710000000000000000e+02
1.312000000000000000e+03
3.550000000000000000e+02
1.185000000000000000e+03
6.650000000000000000e+02
7.450000000000000000e+02
1.107000000000000000e+03
1.380000000000000000e+03
2.230000000000000000e+03
1.323000000000000000e+03
1.452000000000000000e+03
2.522000000000000000e+03
1.306000000000000000e+03
1.644000000000000000e+03
6.630000000000000000e+02
9.250000000000000000e+02
1.300000000000000000e+03
1.355000000000000000e+03
6.590000000000000000e+02
7.110000000000000000e+02
6.380000000000000000e+02
8.770000000000000000e+02
4.680000000000000000e+02
9.810000000000000000e+02
8.140000000000000000e+02
7.480000000000000000e+02
1.335000000000000000e+03
6.190000000000000000e+02
8.240000000000000000e+02
1.247000000000000000e+03
1.469000000000000000e+03
1.553000000000000000e+03
1.344000000000000000e+03
1.221000000000000000e+03
7.640000000000000000e+02
5.460000000000000000e+02
5.430000000000000000e+02
8.920000000000000000e+02
1.401000000000000000e+03
8.700000000000000000e+02
8.010000000000000000e+02
9.830000000000000000e+02
2.451000000000000000e+03
1.022000000000000000e+03
9.540000000000000000e+02
5.710000000000000000e+02
5.750000000000000000e+02
1.157000000000000000e+03
1.052000000000000000e+03
3.900000000000000000e+02
8.000000000000000000e+02
1.599000000000000000e+03
5.610000000000000000e+02
9.050000000000000000e+02
1.050000000000000000e+03
7.470000000000000000e+02
6.020000000000000000e+02
5.470000000000000000e+02
1.429000000000000000e+03
1.087000000000000000e+03
1.093000000000000000e+03
6.270000000000000000e+02
5.290000000000000000e+02
6.150000000000000000e+02
6.900000000000000000e+02
6.240000000000000000e+02
8.340000000000000000e+02
7.470000000000000000e+02
8.140000000000000000e+02
2.001000000000000000e+03
9.300000000000000000e+02
5.600000000000000000e+02
6.220000000000000000e+02
8.620000000000000000e+02
1.058000000000000000e+03
8.860000000000000000e+02
4.050000000000000000e+02
1.016000000000000000e+03
7.330000000000000000e+02
3.050000000000000000e+02
8.230000000000000000e+02
7.690000000000000000e+02
5.350000000000000000e+02
7.500000000000000000e+02
1.148000000000000000e+03
9.130000000000000000e+02
8.680000000000000000e+02
7.620000000000000000e+02
5.730000000000000000e+02
1.346000000000000000e+03
6.550000000000000000e+02
9.850000000000000000e+02
9.120000000000000000e+02
6.710000000000000000e+02
1.159000000000000000e+03
7.120000000000000000e+02
1.014000000000000000e+03
9.610000000000000000e+02
1.089000000000000000e+03
6.620000000000000000e+02
7.600000000000000000e+02
6.250000000000000000e+02
1.258000000000000000e+03
4.700000000000000000e+02
8.040000000000000000e+02
8.300000000000000000e+02
1.319000000000000000e+03
1.029000000000000000e+03
4.710000000000000000e+02
8.260000000000000000e+02
3.410000000000000000e+02
5.050000000000000000e+02
1.014000000000000000e+03
8.960000000000000000e+02
1.019000000000000000e+03
6.500000000000000000e+02
1.153000000000000000e+03
9.450000000000000000e+02
6.060000000000000000e+02
1.222000000000000000e+03
4.130000000000000000e+02
7.710000000000000000e+02
1.354000000000000000e+03
4.290000000000000000e+02
1.674000000000000000e+03
6.580000000000000000e+02
4.170000000000000000e+02
3.448000000000000000e+03
1.032000000000000000e+03
4.600000000000000000e+02
6.190000000000000000e+02
8.460000000000000000e+02
1.498000000000000000e+03
1.169000000000000000e+03
7.174000000000000000e+03
9.610000000000000000e+02
1.505000000000000000e+03
5.010000000000000000e+02
2.116000000000000000e+03
1.214000000000000000e+03
4.673000000000000000e+03
1.208000000000000000e+03
8.200000000000000000e+02
3.925000000000000000e+03
9.000000000000000000e+02
1.249000000000000000e+03
6.990000000000000000e+02
1.521000000000000000e+03
6.740000000000000000e+02
1.699000000000000000e+03
1.658000000000000000e+03
1.327000000000000000e+03
1.023000000000000000e+03
1.094000000000000000e+03
7.540000000000000000e+02
9.800000000000000000e+02
1.200000000000000000e+03
4.730000000000000000e+02
7.070000000000000000e+02
2.872000000000000000e+03
1.122000000000000000e+03
1.040000000000000000e+03
1.466000000000000000e+03
1.334000000000000000e+03
7.900000000000000000e+02
6.150000000000000000e+02
8.220000000000000000e+02
7.560000000000000000e+02
1.049000000000000000e+03
7.180000000000000000e+02
1.074000000000000000e+03
1.035000000000000000e+03
7.780000000000000000e+02
5.400000000000000000e+02
9.630000000000000000e+02
9.170000000000000000e+02
1.477000000000000000e+03
1.219000000000000000e+03
9.410000000000000000e+02
1.673000000000000000e+03
7.510000000000000000e+02
2.109000000000000000e+03
6.050000000000000000e+02
5.910000000000000000e+02
8.770000000000000000e+02
1.257000000000000000e+03
1.364000000000000000e+03
1.364000000000000000e+03
6.240000000000000000e+02
2.884000000000000000e+03
8.390000000000000000e+02
1.036000000000000000e+03
1.156000000000000000e+03
7.380000000000000000e+02
1.331000000000000000e+03
1.366000000000000000e+03
1.895000000000000000e+03
1.191000000000000000e+03
9.170000000000000000e+02
1.145000000000000000e+03
2.596000000000000000e+03
1.743000000000000000e+03
1.286000000000000000e+03
1.371000000000000000e+03
6.310000000000000000e+02
3.721000000000000000e+03
7.940000000000000000e+02
7.513000000000000000e+03
2.463000000000000000e+03
1.043000000000000000e+03
9.550000000000000000e+02
5.408000000000000000e+03
5.520000000000000000e+03
1.468000000000000000e+03
1.183000000000000000e+03
3.860000000000000000e+02
1.207000000000000000e+03
3.510000000000000000e+02
7.370000000000000000e+02
1.123000000000000000e+03
3.600000000000000000e+02
8.280000000000000000e+02
6.030000000000000000e+02
7.100000000000000000e+02
1.594000000000000000e+03
6.540000000000000000e+02
5.930000000000000000e+02
8.620000000000000000e+02
1.866000000000000000e+03
7.180000000000000000e+02
8.480000000000000000e+02
9.050000000000000000e+02
8.950000000000000000e+02
4.570000000000000000e+02
1.724000000000000000e+03
2.152000000000000000e+03
2.294000000000000000e+03
1.365000000000000000e+03
1.105000000000000000e+03
7.500000000000000000e+02
1.578000000000000000e+03
1.280000000000000000e+03
1.808000000000000000e+03
1.759000000000000000e+03
8.360000000000000000e+02
1.044000000000000000e+03
9.310000000000000000e+02
1.030000000000000000e+03
1.951000000000000000e+03
7.240000000000000000e+02
8.340000000000000000e+02
1.424000000000000000e+03
1.815000000000000000e+03
6.730000000000000000e+02
5.510000000000000000e+02
4.770000000000000000e+02
9.020000000000000000e+02
6.010000000000000000e+02
4.600000000000000000e+02
1.447000000000000000e+03
1.015000000000000000e+03
5.840000000000000000e+02
6.050000000000000000e+02
1.132000000000000000e+03
1.163000000000000000e+03
4.240000000000000000e+02
9.250000000000000000e+02
5.130000000000000000e+02
1.348000000000000000e+03
6.940000000000000000e+02
8.350000000000000000e+02
5.830000000000000000e+02
5.460000000000000000e+02
6.740000000000000000e+02
1.404000000000000000e+03
9.440000000000000000e+02
5.580000000000000000e+02
2.727000000000000000e+03
9.190000000000000000e+02
7.100000000000000000e+02
6.460000000000000000e+02
7.780000000000000000e+02
1.597000000000000000e+03
8.020000000000000000e+02
6.630000000000000000e+02
5.270000000000000000e+02
5.100000000000000000e+02
6.810000000000000000e+02
1.333000000000000000e+03
1.075000000000000000e+03
6.440000000000000000e+02
7.980000000000000000e+02
9.720000000000000000e+02
1.488000000000000000e+03
9.650000000000000000e+02
8.720000000000000000e+02
6.010000000000000000e+02
6.630000000000000000e+02
5.510000000000000000e+02
6.560000000000000000e+02
5.340000000000000000e+02
7.340000000000000000e+02
7.540000000000000000e+02
3.100000000000000000e+02
6.260000000000000000e+02
1.322000000000000000e+03
8.740000000000000000e+02
8.910000000000000000e+02
8.470000000000000000e+02
1.022000000000000000e+03
9.400000000000000000e+02
1.058000000000000000e+03
3.270000000000000000e+02
1.647000000000000000e+03
