9.024063253402709961e+01
2.572599554061889648e+01
6.017558431625366211e+01
7.977644443511962891e+00
1.840321326255798340e+01
2.297632145881652832e+01
2.018520283699035645e+01
9.011261820793151855e+01
2.853950047492980957e+01
1.217491793632507324e+01
4.175777935981750488e+01
1.257688498497009277e+01
4.544304466247558594e+01
3.533826565742492676e+01
1.811169338226318359e+01
2.215679597854614258e+01
9.021259045600891113e+01
7.527961874008178711e+01
5.884508895874023438e+01
4.619099235534667969e+01
5.725585842132568359e+01
9.007198643684387207e+01
1.776006841659545898e+01
9.545434474945068359e+00
1.291683316230773926e+01
3.001543831825256348e+01
2.947651696205139160e+01
2.631163716316223145e+01
3.375461697578430176e+01
4.934789037704467773e+01
4.504937243461608887e+01
1.800076484680175781e+01
9.000728821754455566e+01
1.296506333351135254e+01
7.608835697174072266e+00
3.278704643249511719e+01
1.573233270645141602e+01
2.180242848396301270e+01
3.044708132743835449e+01
2.839029121398925781e+01
6.668950486183166504e+01
1.511015486717224121e+01
1.384817695617675781e+01
3.560153269767761230e+01
1.334963560104370117e+01
1.809637904167175293e+01
5.167700600624084473e+01
2.138665366172790527e+01
5.160308218002319336e+01
2.159522652626037598e+01
9.024578332901000977e+01
1.693669319152832031e+01
3.753256440162658691e+01
2.799018478393554688e+01
2.541930317878723145e+01
5.842526745796203613e+01
1.904098224639892578e+01
1.521863532066345215e+01
7.580848646163940430e+01
6.438586902618408203e+01
7.278100967407226562e+00
4.015016055107116699e+01
4.752149009704589844e+01
2.230339574813842773e+01
9.508916854858398438e+00
7.091573715209960938e+00
2.983758783340454102e+01
1.099755358695983887e+01
7.963145971298217773e+00
1.532669258117675781e+01
2.628123641014099121e+01
7.003682684898376465e+01
9.000934696197509766e+01
2.529827165603637695e+01
1.958061170578002930e+01
3.114953303337097168e+01
5.870428681373596191e+01
2.717409539222717285e+01
1.071876525878906250e+01
3.836363887786865234e+01
1.324146866798400879e+01
1.326092529296875000e+01
1.968875098228454590e+01
8.601896524429321289e+00
9.022185277938842773e+01
9.006878662109375000e+01
4.054580545425415039e+01
4.187400484085083008e+01
5.006113052368164062e+00
2.294024348258972168e+01
7.437571072578430176e+01
4.814718484878540039e+01
1.709449243545532227e+01
2.184730243682861328e+01
3.110809493064880371e+01
1.340501666069030762e+01
2.786402106285095215e+01
7.533363819122314453e+00
6.605878829956054688e+00
6.714469623565673828e+01
2.926012849807739258e+01
1.408377766609191895e+01
4.191583490371704102e+01
3.989932799339294434e+01
9.015064287185668945e+01
5.521510648727416992e+01
4.035098505020141602e+01
1.809922933578491211e+01
1.416915082931518555e+01
2.820000433921813965e+01
2.071171069145202637e+01
4.674252915382385254e+01
9.571324586868286133e+00
2.213119935989379883e+01
1.673671078681945801e+01
2.292114138603210449e+01
2.482736778259277344e+01
9.088330268859863281e+00
5.822687625885009766e+00
1.597196245193481445e+01
1.849817061424255371e+01
1.189216756820678711e+01
9.989017009735107422e+00
1.323587131500244141e+01
9.402786731719970703e+00
4.020977020263671875e+00
9.005681514739990234e+00
1.775265574455261230e+01
8.598873376846313477e+00
1.989631199836730957e+01
9.804600238800048828e+00
8.273798704147338867e+00
6.772221565246582031e+00
8.687601327896118164e+00
1.309202933311462402e+01
1.096363472938537598e+01
7.984666824340820312e+00
1.540694785118103027e+01
8.024642944335937500e+00
1.166301751136779785e+01
2.626927971839904785e+01
1.213420867919921875e+01
3.957472205162048340e+01
1.637214303016662598e+01
9.837558269500732422e+00
2.734411072731018066e+01
1.142421936988830566e+01
5.183735466003417969e+01
2.914437603950500488e+01
7.823899507522583008e+00
3.255354213714599609e+01
5.367466568946838379e+01
2.537723207473754883e+01
7.750053644180297852e+00
9.474133968353271484e+00
1.767239999771118164e+01
1.836874008178710938e+01
1.095544028282165527e+01
9.198362588882446289e+00
1.252093791961669922e+01
3.137195110321044922e+01
7.217741250991821289e+01
2.346399664878845215e+01
9.007734346389770508e+01
1.734978890419006348e+01
4.503699064254760742e+01
2.324708366394042969e+01
2.310773110389709473e+01
5.393287849426269531e+01
2.224486231803894043e+01
5.969131231307983398e+00
8.714153528213500977e+00
9.011107444763183594e+00
1.911995768547058105e+01
2.005771756172180176e+01
2.482238483428955078e+01
1.935454797744750977e+01
1.633528804779052734e+01
9.735929727554321289e+00
1.027672100067138672e+01
7.348788022994995117e+00
2.297466921806335449e+01
4.489094114303588867e+01
1.000381588935852051e+01
1.181158661842346191e+01
1.485418915748596191e+01
3.391119813919067383e+01
1.736003851890563965e+01
1.221916151046752930e+01
2.971144127845764160e+01
1.661343264579772949e+01
6.028427600860595703e+00
4.684161734580993652e+01
3.313648581504821777e+01
2.399753499031066895e+01
1.478745436668395996e+01
3.057279777526855469e+01
1.970215320587158203e+01
1.603483986854553223e+01
9.002153038978576660e+01
6.685886144638061523e+00
8.413581848144531250e+00
1.632869744300842285e+01
3.368499040603637695e+00
2.976681709289550781e+00
1.165251636505126953e+01
5.728861093521118164e+00
9.454088687896728516e+00
6.470077753067016602e+00
9.226910114288330078e+00
7.581454682350158691e+01
4.400400876998901367e+00
2.517998814582824707e+01
2.533305978775024414e+01
2.515620660781860352e+01
6.500230550765991211e+01
1.156571412086486816e+01
6.140463471412658691e+01
6.160670495033264160e+01
3.353648781776428223e+01
1.415532755851745605e+01
1.742886424064636230e+01
1.279584574699401855e+01
1.259473752975463867e+01
2.910889792442321777e+01
3.377439951896667480e+01
1.419429898262023926e+01
6.781315088272094727e+01
2.037900710105895996e+01
1.144037413597106934e+01
4.643311977386474609e+00
3.641699314117431641e+00
6.433364868164062500e+00
8.310737609863281250e+00
6.436956167221069336e+00
5.514629364013671875e+00
1.397500181198120117e+01
1.693384408950805664e+01
8.803972005844116211e+00
7.094138860702514648e+00
2.840333175659179688e+01
1.645396041870117188e+01
1.163720846176147461e+01
1.548165559768676758e+01
1.734479975700378418e+01
2.443122673034667969e+01
9.825034379959106445e+00
1.765141820907592773e+01
3.686867666244506836e+01
1.655717706680297852e+01
6.646032810211181641e+00
5.809276461601257324e+01
1.931632065773010254e+01
7.856596469879150391e+00
1.590653562545776367e+01
6.744714498519897461e+00
7.864151978492736816e+01
2.088585305213928223e+01
6.950253486633300781e+00
1.241104054450988770e+01
7.784224033355712891e+00
7.430657148361206055e+00
6.253828763961791992e+00
9.138147115707397461e+00
3.614922285079956055e+00
1.250465440750122070e+01
7.356186151504516602e+00
7.469387531280517578e+00
6.452831029891967773e+00
6.962872982025146484e+00
6.793090581893920898e+00
1.196575331687927246e+01
7.515606880187988281e+00
8.156741857528686523e+00
5.875044107437133789e+00
1.467353248596191406e+01
7.987674474716186523e+00
1.111828327178955078e+01
5.161256551742553711e+00
1.164166760444641113e+01
9.645408868789672852e+00
1.577079367637634277e+01
2.670679259300231934e+01
2.043686246871948242e+01
1.408642244338989258e+01
1.988703966140747070e+01
1.370557665824890137e+01
2.489161753654479980e+01
3.740020084381103516e+01
1.984432482719421387e+01
2.015636157989501953e+01
1.327896165847778320e+01
8.908503770828247070e+00
1.480307149887084961e+01
6.666859388351440430e+00
1.651358509063720703e+01
2.671982741355895996e+01
1.161953473091125488e+01
1.009812808036804199e+01
5.162594318389892578e+00
6.087932825088500977e+00
5.496057510375976562e+00
4.950238227844238281e+00
7.508951902389526367e+00
6.495783805847167969e+00
8.390994548797607422e+00
7.450291872024536133e+00
5.018373012542724609e+00
1.076972651481628418e+01
4.953112125396728516e+00
1.279963517189025879e+01
5.204020500183105469e+00
6.828557491302490234e+00
4.345557689666748047e+00
5.382433414459228516e+00
1.017373538017272949e+01
7.205823898315429688e+00
7.778072834014892578e+00
4.213686227798461914e+00
1.157260799407958984e+01
1.950570845603942871e+01
1.907135605812072754e+01
8.242677211761474609e+00
1.569859480857849121e+01
9.009002494812011719e+01
2.673144960403442383e+01
3.362207818031311035e+01
3.924015450477600098e+01
3.742598724365234375e+01
3.327027726173400879e+01
7.835049152374267578e+00
7.486456632614135742e+00
6.492660522460937500e+00
9.095293998718261719e+00
8.207229852676391602e+00
1.017259120941162109e+01
8.050864934921264648e+00
7.201201200485229492e+00
3.914862632751464844e+00
5.390906095504760742e+00
1.406859350204467773e+01
1.582977223396301270e+01
2.697977232933044434e+01
2.558644056320190430e+01
2.053960204124450684e+01
2.051194167137145996e+01
3.813318419456481934e+01
2.776086783409118652e+01
1.239258074760437012e+01
6.105426406860351562e+01
8.496083259582519531e+00
7.177701234817504883e+00
1.416454839706420898e+01
1.236155271530151367e+01
2.210121321678161621e+01
9.900095701217651367e+00
5.687133550643920898e+00
1.612179183959960938e+01
1.103489828109741211e+01
2.325086140632629395e+01
7.535850763320922852e+00
4.483949899673461914e+00
6.860847234725952148e+00
5.106475591659545898e+00
4.427238702774047852e+00
6.416167020797729492e+00
9.680300235748291016e+00
1.621869659423828125e+01
3.486414909362792969e+00
2.800709724426269531e+00
2.887920856475830078e+00
6.322278499603271484e+00
1.050178241729736328e+01
3.866464376449584961e+00
4.970300197601318359e+00
3.129031419754028320e+00
7.487708330154418945e+00
5.300868034362792969e+00
1.284793066978454590e+01
6.496573686599731445e+00
1.350217795372009277e+01
1.007890748977661133e+01
3.598471164703369141e+00
1.145525240898132324e+01
9.554865360260009766e+00
9.844004154205322266e+00
1.105623173713684082e+01
6.324036359786987305e+00
2.226284837722778320e+01
5.802533388137817383e+00
1.212682390213012695e+01
2.038799428939819336e+01
2.018938946723937988e+01
2.135723161697387695e+01
8.390723943710327148e+00
1.115210270881652832e+01
8.510617733001708984e+00
1.186769390106201172e+01
8.368090629577636719e+00
1.195600080490112305e+01
1.296495866775512695e+01
9.310945272445678711e+00
7.143248558044433594e+00
8.664186239242553711e+00
6.710808515548706055e+00
4.828258275985717773e+00
5.618826866149902344e+00
7.010351896286010742e+00
8.983889102935791016e+00
3.312658309936523438e+00
9.016002535820007324e+01
7.707259416580200195e+00
2.236554908752441406e+01
1.670830154418945312e+01
8.977559804916381836e+00
7.331601858139038086e+00
1.982283067703247070e+01
2.181162786483764648e+01
1.355530881881713867e+01
5.694814443588256836e+00
1.384328722953796387e+01
3.699010610580444336e+00
7.945199012756347656e+00
3.289564132690429688e+00
5.053004503250122070e+00
1.018109035491943359e+01
1.374250888824462891e+01
8.494905710220336914e+00
6.827439069747924805e+00
5.990720748901367188e+00
8.403999805450439453e+00
4.006764388084411621e+01
2.627230668067932129e+01
1.102043771743774414e+01
1.053484082221984863e+01
1.076784610748291016e+01
1.076982307434082031e+01
2.057005286216735840e+01
1.464506030082702637e+01
3.017546153068542480e+01
1.595454883575439453e+01
8.199480533599853516e+00
1.050216579437255859e+01
1.912314081192016602e+01
9.137547254562377930e+00
1.007151961326599121e+01
2.429496121406555176e+01
5.844904351234436035e+01
9.029896497726440430e+00
1.447277784347534180e+01
4.448307347297668457e+01
4.500665497779846191e+01
1.015518569946289062e+01
6.511350798606872559e+01
1.714733791351318359e+01
5.790340399742126465e+01
1.074025058746337891e+01
4.389700222015380859e+01
1.218560361862182617e+01
1.120789289474487305e+01
7.867527484893798828e+00
8.407820701599121094e+00
9.473382234573364258e+00
6.188262701034545898e+00
1.253454470634460449e+01
6.411764860153198242e+00
5.522035837173461914e+00
7.009261369705200195e+00
4.433609962463378906e+00
1.143492531776428223e+01
1.086465764045715332e+01
7.800158739089965820e+00
3.985613346099853516e+00
6.779392242431640625e+00
6.948769807815551758e+00
7.118234634399414062e+00
3.610034465789794922e+00
8.742938518524169922e+00
7.585489273071289062e+00
7.173171281814575195e+00
8.733894109725952148e+00
1.901024532318115234e+01
1.572957968711853027e+01
8.240157365798950195e+00
1.068777966499328613e+01
2.007384705543518066e+01
1.286948943138122559e+01
8.756633281707763672e+00
1.060265302658081055e+01
6.064251422882080078e+00
9.949934244155883789e+00
1.243492078781127930e+01
1.058422732353210449e+01
9.616039514541625977e+00
3.542427062988281250e+00
5.977408409118652344e+00
1.585097169876098633e+01
1.022824382781982422e+01
7.001476049423217773e+00
9.514267444610595703e+00
1.530035948753356934e+01
1.660133862495422363e+01
8.059183120727539062e+00
1.957096481323242188e+01
9.120321512222290039e+00
1.071649861335754395e+01
1.154125595092773438e+01
8.812746047973632812e+00
2.733086872100830078e+01
2.168406343460083008e+01
1.196437048912048340e+01
1.015898227691650391e+01
3.462332081794738770e+01
1.133406305313110352e+01
1.610161757469177246e+01
3.577057909965515137e+01
1.800023150444030762e+01
1.279141902923583984e+01
1.012233042716979980e+01
8.909922599792480469e+00
8.608186960220336914e+00
9.810711622238159180e+00
5.381497383117675781e+00
5.491410493850708008e+00
1.493002128601074219e+01
7.954545021057128906e+00
5.901127815246582031e+00
6.792101860046386719e+00
8.138752937316894531e+00
7.622580766677856445e+00
3.055272555351257324e+01
2.075011420249938965e+01
2.244590806961059570e+01
1.812632608413696289e+01
7.257889747619628906e+00
1.079617857933044434e+01
2.273524808883666992e+01
1.013799142837524414e+01
1.584562277793884277e+01
1.402883148193359375e+01
2.191637277603149414e+01
1.027702665328979492e+01
3.408870267868041992e+01
2.173535704612731934e+01
1.545056104660034180e+01
2.321958518028259277e+01
3.275040984153747559e+01
5.242183971405029297e+01
1.794206571578979492e+01
5.298864245414733887e+01
1.957072615623474121e+01
1.742727541923522949e+01
8.308470249176025391e+00
2.956410837173461914e+01
4.579336643218994141e+00
1.997913646697998047e+01
1.155022072792053223e+01
7.076884508132934570e+00
1.417403626441955566e+01
1.804543566703796387e+01
2.264211225509643555e+01
2.594033098220825195e+01
1.178763651847839355e+01
3.255067753791809082e+01
1.106521749496459961e+01
1.816305303573608398e+01
1.112282800674438477e+01
1.321591663360595703e+01
5.617024302482604980e+01
2.751840400695800781e+01
1.161884164810180664e+01
7.836124420166015625e+00
3.483305215835571289e+00
4.705689430236816406e+00
5.896671533584594727e+00
7.404878139495849609e+00
3.663555383682250977e+00
1.225023102760314941e+01
6.715566396713256836e+00
6.764457225799560547e+00
8.165655374526977539e+00
5.878080844879150391e+00
1.284802174568176270e+01
1.519019699096679688e+01
4.545186996459960938e+00
5.762539148330688477e+00
1.090508365631103516e+01
9.898287534713745117e+00
9.262201786041259766e+00
6.765846729278564453e+00
7.969225955009460449e+01
1.862345647811889648e+01
9.025723886489868164e+01
3.669902610778808594e+01
3.722130751609802246e+01
7.293665385246276855e+01
2.353174924850463867e+01
7.801268744468688965e+01
8.252953052520751953e+00
2.056231641769409180e+01
5.674048066139221191e+01
1.881562042236328125e+01
3.947504448890686035e+01
4.816922855377197266e+01
1.561464190483093262e+01
2.676974964141845703e+01
2.121244049072265625e+01
9.030437207221984863e+01
2.348170638084411621e+01
8.481347084045410156e+00
9.665608167648315430e+00
4.313561439514160156e+00
6.667119979858398438e+00
5.139194011688232422e+00
8.486904859542846680e+00
8.342185497283935547e+00
6.752564668655395508e+00
8.351022481918334961e+00
1.404575538635253906e+01
2.066707086563110352e+01
1.399826860427856445e+01
1.221078968048095703e+01
4.738296031951904297e+00
4.009333848953247070e+00
9.647865772247314453e+00
1.353461074829101562e+01
7.349013090133666992e+00
1.509805798530578613e+01
7.298512196540832520e+01
3.677574634552001953e+00
1.313069701194763184e+01
1.006862664222717285e+01
9.541689157485961914e+00
1.129173398017883301e+01
1.071901488304138184e+01
3.459200835227966309e+01
1.038731575012207031e+01
9.748301744461059570e+00
8.508330106735229492e+00
8.927759885787963867e+00
6.640640497207641602e+00
7.106496572494506836e+00
1.196364450454711914e+01
6.433029890060424805e+00
4.577848196029663086e+00
3.285089492797851562e+00
5.542173862457275391e+00
1.210597610473632812e+01
1.174315237998962402e+01
7.868833780288696289e+00
5.245161771774291992e+00
1.245043373107910156e+01
8.249966621398925781e+00
4.398979187011718750e+00
1.158249616622924805e+01
9.422461748123168945e+00
1.059346914291381836e+01
3.835458755493164062e+00
7.238574504852294922e+00
7.313699007034301758e+00
1.940426754951477051e+01
1.100048923492431641e+01
9.190550327301025391e+00
9.009243607521057129e+01
1.006913685798645020e+01
2.703704857826232910e+01
1.697831177711486816e+01
1.997335028648376465e+01
2.692484021186828613e+01
3.185992145538330078e+01
6.806900739669799805e+00
8.863509178161621094e+00
1.177882146835327148e+01
6.305105209350585938e+00
7.500302553176879883e+00
6.690395832061767578e+00
4.996644258499145508e+00
1.214766979217529297e+01
1.195357012748718262e+01
1.047733640670776367e+01
5.917090177536010742e+00
8.816760063171386719e+00
2.751445531845092773e+00
7.941854715347290039e+00
1.138555741310119629e+01
5.457175493240356445e+00
6.944519519805908203e+00
1.135997033119201660e+01
3.241523027420043945e+00
1.054224705696105957e+01
5.805877923965454102e+00
6.730770111083984375e+00
1.162141036987304688e+01
1.301182150840759277e+01
2.066621541976928711e+01
1.432153415679931641e+01
1.512463831901550293e+01
2.649563074111938477e+01
1.259072804450988770e+01
1.578271818161010742e+01
5.959945440292358398e+00
8.736622810363769531e+00
1.230688357353210449e+01
1.212532019615173340e+01
5.751601457595825195e+00
6.298481941223144531e+00
5.893819570541381836e+00
8.302182674407958984e+00
4.198998451232910156e+00
8.630460262298583984e+00
7.468651056289672852e+00
6.717244386672973633e+00
1.113470172882080078e+01
5.565341472625732422e+00
7.676260948181152344e+00
1.069387674331665039e+01
1.297621035575866699e+01
1.374878859519958496e+01
1.188970446586608887e+01
1.083355045318603516e+01
7.258809328079223633e+00
5.219306230545043945e+00
5.089917182922363281e+00
8.205289840698242188e+00
1.334226298332214355e+01
8.146075487136840820e+00
7.738763093948364258e+00
9.290146827697753906e+00
2.563280630111694336e+01
9.315804481506347656e+00
8.994223117828369141e+00
5.192113876342773438e+00
5.553966760635375977e+00
1.057554888725280762e+01
9.203412771224975586e+00
3.508489608764648438e+00
7.692091703414916992e+00
1.392023491859436035e+01
5.431748390197753906e+00
7.924499511718750000e+00
9.700416564941406250e+00
6.875034093856811523e+00
5.785710811614990234e+00
5.079663276672363281e+00
1.251948714256286621e+01
1.032595801353454590e+01
9.678169965744018555e+00
6.112138748168945312e+00
5.109177827835083008e+00
5.483078718185424805e+00
6.786328077316284180e+00
6.117021322250366211e+00
7.702615261077880859e+00
7.108054876327514648e+00
7.551188468933105469e+00
1.836685585975646973e+01
8.597257614135742188e+00
5.248898983001708984e+00
5.601219415664672852e+00
7.760880231857299805e+00
9.381868362426757812e+00
8.636830329895019531e+00
3.894584178924560547e+00
9.305474281311035156e+00
6.569711208343505859e+00
3.029357910156250000e+00
7.505254507064819336e+00
7.142779588699340820e+00
5.319232940673828125e+00
6.444140434265136719e+00
1.047162461280822754e+01
8.870362043380737305e+00
8.093479871749877930e+00
6.883275985717773438e+00
5.441890478134155273e+00
1.113963460922241211e+01
6.113902807235717773e+00
9.022019624710083008e+00
8.625286579132080078e+00
6.428434610366821289e+00
1.032983136177062988e+01
6.300885677337646484e+00
8.527991056442260742e+00
8.683935165405273438e+00
1.013414192199707031e+01
6.367789983749389648e+00
6.537213563919067383e+00
5.623073101043701172e+00
1.131464409828186035e+01
4.684312582015991211e+00
6.706714153289794922e+00
6.969415187835693359e+00
1.160148262977600098e+01
8.849673032760620117e+00
4.249059438705444336e+00
7.097147703170776367e+00
3.070695161819458008e+00
4.749228239059448242e+00
8.736888647079467773e+00
8.335952520370483398e+00
8.342639446258544922e+00
5.433881998062133789e+00
9.861618280410766602e+00
8.237389802932739258e+00
5.924317598342895508e+00
1.028007936477661133e+01
3.407706260681152344e+00
6.516658306121826172e+00
1.172981214523315430e+01
3.881365776062011719e+00
1.533269405364990234e+01
6.099529504776000977e+00
3.920836210250854492e+00
3.378263092041015625e+01
9.828512668609619141e+00
4.106026411056518555e+00
5.380883932113647461e+00
7.297150611877441406e+00
1.393418860435485840e+01
1.182744669914245605e+01
9.010837221145629883e+01
8.693387269973754883e+00
1.571032643318176270e+01
4.832817316055297852e+00
2.128875517845153809e+01
1.092206788063049316e+01
5.253651857376098633e+01
1.133396911621093750e+01
7.089488267898559570e+00
4.198992323875427246e+01
7.841540813446044922e+00
1.053642368316650391e+01
5.713951826095581055e+00
1.337893748283386230e+01
6.390501260757446289e+00
1.559987974166870117e+01
1.366079235076904297e+01
1.099155640602111816e+01
8.740275382995605469e+00
9.452817440032958984e+00
7.085664987564086914e+00
8.968664884567260742e+00
1.159867453575134277e+01
4.138860702514648438e+00
6.467963695526123047e+00
2.990685272216796875e+01
1.079571461677551270e+01
9.028362274169921875e+00
1.281755232810974121e+01
1.194838857650756836e+01
6.607028961181640625e+00
4.942027330398559570e+00
6.569714307785034180e+00
6.876714229583740234e+00
9.374968528747558594e+00
6.475165367126464844e+00
9.596252679824829102e+00
8.887607336044311523e+00
6.623522043228149414e+00
4.139702320098876953e+00
8.712903261184692383e+00
8.469733476638793945e+00
1.232045316696166992e+01
1.094589400291442871e+01
8.187378406524658203e+00
1.520276737213134766e+01
6.989091396331787109e+00
1.978970670700073242e+01
5.330686330795288086e+00
5.679759025573730469e+00
8.088396310806274414e+00
1.165568304061889648e+01
1.273070955276489258e+01
1.220755505561828613e+01
6.052577495574951172e+00
3.059464216232299805e+01
7.976058244705200195e+00
9.967926502227783203e+00
1.012909865379333496e+01
6.771975994110107422e+00
1.150414109230041504e+01
1.231287598609924316e+01
1.665534639358520508e+01
9.887534379959106445e+00
7.884374856948852539e+00
9.374609231948852539e+00
2.518461203575134277e+01
1.524631452560424805e+01
1.098104095458984375e+01
1.253150439262390137e+01
5.614235401153564453e+00
4.086016011238098145e+01
7.656035184860229492e+00
9.012442660331726074e+01
2.302692437171936035e+01
9.567557334899902344e+00
8.070845603942871094e+00
6.255328130722045898e+01
6.154518604278564453e+01
1.471871876716613770e+01
1.096997809410095215e+01
3.823924303054809570e+00
1.119770431518554688e+01
3.288030862808227539e+00
6.699181556701660156e+00
1.037111902236938477e+01
3.501549959182739258e+00
7.432603359222412109e+00
5.574413299560546875e+00
6.624883174896240234e+00
1.342171287536621094e+01
5.446598291397094727e+00
5.214522123336791992e+00
7.030140876770019531e+00
1.605775499343872070e+01
5.719510555267333984e+00
8.104894161224365234e+00
7.350413560867309570e+00
8.492649078369140625e+00
3.915972471237182617e+00
1.588786482810974121e+01
2.131845235824584961e+01
2.266931819915771484e+01
1.350540971755981445e+01
1.084533834457397461e+01
6.642969131469726562e+00
1.378697562217712402e+01
1.178005361557006836e+01
1.692041158676147461e+01
1.706607389450073242e+01
7.364941120147705078e+00
9.301746368408203125e+00
8.649918079376220703e+00
8.819146871566772461e+00
1.714693713188171387e+01
6.756352663040161133e+00
7.421296596527099609e+00
1.295990705490112305e+01
1.647681999206542969e+01
6.249356031417846680e+00
5.377889633178710938e+00
4.519958019256591797e+00
8.644363880157470703e+00
5.665408372879028320e+00
4.544889926910400391e+00
1.361585283279418945e+01
9.400809288024902344e+00
5.697317600250244141e+00
5.650261402130126953e+00
1.107544779777526855e+01
1.056044793128967285e+01
4.103308916091918945e+00
8.391421318054199219e+00
4.576095819473266602e+00
1.271638560295104980e+01
6.098195314407348633e+00
7.916178941726684570e+00
5.441723823547363281e+00
5.284595251083374023e+00
6.137336015701293945e+00
1.338519549369812012e+01
8.817560672760009766e+00
5.277779817581176758e+00
2.683593440055847168e+01
8.863847732543945312e+00
6.025689840316772461e+00
5.464934349060058594e+00
7.361367225646972656e+00
1.484035491943359375e+01
7.773407936096191406e+00
5.920621871948242188e+00
4.636925220489501953e+00
4.803803205490112305e+00
6.108504772186279297e+00
1.181451177597045898e+01
9.752800703048706055e+00
5.842549324035644531e+00
7.656843423843383789e+00
8.642423629760742188e+00
1.341529393196105957e+01
8.944325923919677734e+00
8.393217325210571289e+00
5.704473972320556641e+00
6.288437128067016602e+00
5.272725105285644531e+00
6.489774703979492188e+00
5.051435708999633789e+00
6.958792209625244141e+00
7.002122163772583008e+00
3.060451507568359375e+00
5.876300334930419922e+00
1.223438477516174316e+01
7.911474227905273438e+00
7.812821865081787109e+00
7.653168678283691406e+00
9.067686557769775391e+00
8.462516069412231445e+00
9.669165849685668945e+00
2.913639068603515625e+00
1.418010592460632324e+01
