1.403000000000000000e+03
1.608000000000000000e+03
3.247000000000000000e+03
5.107000000000000000e+03
6.306000000000000000e+03
6.681000000000000000e+03
2.877000000000000000e+03
1.865000000000000000e+03
6.581000000000000000e+03
2.528000000000000000e+03
1.925000000000000000e+03
5.361000000000000000e+03
3.036000000000000000e+03
6.194000000000000000e+03
1.914000000000000000e+03
2.937000000000000000e+03
5.138000000000000000e+03
1.974000000000000000e+03
2.772000000000000000e+03
1.828000000000000000e+03
2.177000000000000000e+03
1.968000000000000000e+03
1.259000000000000000e+03
8.870000000000000000e+02
1.241000000000000000e+03
7.165000000000000000e+03
2.517000000000000000e+03
1.600000000000000000e+03
2.152000000000000000e+03
7.448000000000000000e+03
2.470000000000000000e+03
6.705000000000000000e+03
1.443000000000000000e+03
1.639000000000000000e+03
1.215000000000000000e+03
4.487000000000000000e+03
8.950000000000000000e+02
1.191000000000000000e+03
4.208000000000000000e+03
2.012000000000000000e+03
1.081000000000000000e+03
6.128000000000000000e+03
4.874000000000000000e+03
2.003000000000000000e+03
2.744000000000000000e+03
4.990000000000000000e+03
6.769000000000000000e+03
2.980000000000000000e+03
2.334000000000000000e+03
1.424000000000000000e+03
7.843000000000000000e+03
1.685000000000000000e+03
1.807000000000000000e+03
7.602000000000000000e+03
1.103000000000000000e+03
1.413000000000000000e+03
3.801000000000000000e+03
1.697000000000000000e+03
3.420000000000000000e+03
2.777000000000000000e+03
3.801000000000000000e+03
1.163000000000000000e+03
1.405000000000000000e+03
2.504000000000000000e+03
9.340000000000000000e+02
3.117000000000000000e+03
1.009000000000000000e+03
2.121000000000000000e+03
2.248000000000000000e+03
1.971000000000000000e+03
3.415000000000000000e+03
4.598000000000000000e+03
6.590000000000000000e+03
1.208000000000000000e+03
9.250000000000000000e+02
7.075000000000000000e+03
3.566000000000000000e+03
6.470000000000000000e+02
3.715000000000000000e+03
1.480000000000000000e+03
3.247000000000000000e+03
3.277000000000000000e+03
3.445000000000000000e+03
4.955000000000000000e+03
7.386000000000000000e+03
1.985000000000000000e+03
3.743000000000000000e+03
3.987000000000000000e+03
7.482000000000000000e+03
4.556000000000000000e+03
1.088000000000000000e+03
4.295000000000000000e+03
2.629000000000000000e+03
3.218000000000000000e+03
3.447000000000000000e+03
3.624000000000000000e+03
1.187000000000000000e+03
1.733000000000000000e+03
4.552000000000000000e+03
3.001000000000000000e+03
1.428000000000000000e+03
7.190000000000000000e+03
2.269000000000000000e+03
1.574000000000000000e+03
7.750000000000000000e+02
9.510000000000000000e+02
7.716000000000000000e+03
5.176000000000000000e+03
3.764000000000000000e+03
6.424000000000000000e+03
1.352000000000000000e+03
2.010000000000000000e+03
2.175000000000000000e+03
1.478000000000000000e+03
1.315000000000000000e+03
2.442000000000000000e+03
2.592000000000000000e+03
2.117000000000000000e+03
2.242000000000000000e+03
6.928000000000000000e+03
7.770000000000000000e+02
7.570000000000000000e+02
2.669000000000000000e+03
9.930000000000000000e+02
9.620000000000000000e+02
1.476000000000000000e+03
1.114000000000000000e+03
1.943000000000000000e+03
1.287000000000000000e+03
7.270000000000000000e+02
1.727000000000000000e+03
8.760000000000000000e+02
9.970000000000000000e+02
7.660000000000000000e+02
1.367000000000000000e+03
1.294000000000000000e+03
2.351000000000000000e+03
1.358000000000000000e+03
9.690000000000000000e+02
9.740000000000000000e+02
1.372000000000000000e+03
9.810000000000000000e+02
1.091000000000000000e+03
2.750000000000000000e+03
1.378000000000000000e+03
1.895000000000000000e+03
2.776000000000000000e+03
1.600000000000000000e+03
1.336000000000000000e+03
3.089000000000000000e+03
5.830000000000000000e+02
4.676000000000000000e+03
1.739000000000000000e+03
7.510000000000000000e+02
3.997000000000000000e+03
1.383000000000000000e+03
2.045000000000000000e+03
1.929000000000000000e+03
3.212000000000000000e+03
4.794000000000000000e+03
1.138000000000000000e+03
1.848000000000000000e+03
8.471000000000000000e+03
8.390000000000000000e+02
1.643000000000000000e+03
8.700000000000000000e+02
1.638000000000000000e+03
2.625000000000000000e+03
1.020000000000000000e+03
2.337000000000000000e+03
9.770000000000000000e+02
2.558000000000000000e+03
5.041000000000000000e+03
5.840000000000000000e+02
1.534000000000000000e+03
1.477000000000000000e+03
1.721000000000000000e+03
2.579000000000000000e+03
1.637000000000000000e+03
9.000000000000000000e+02
1.388000000000000000e+03
1.369000000000000000e+03
1.665000000000000000e+03
1.039000000000000000e+03
1.994000000000000000e+03
7.506000000000000000e+03
1.983000000000000000e+03
3.456000000000000000e+03
2.351000000000000000e+03
2.118000000000000000e+03
5.037000000000000000e+03
4.322000000000000000e+03
1.460000000000000000e+03
3.234000000000000000e+03
2.895000000000000000e+03
3.866000000000000000e+03
3.233000000000000000e+03
1.175000000000000000e+03
9.050000000000000000e+02
2.247000000000000000e+03
7.250000000000000000e+02
1.011000000000000000e+03
1.176000000000000000e+03
7.740000000000000000e+02
2.117000000000000000e+03
1.956000000000000000e+03
1.493000000000000000e+03
1.278000000000000000e+03
1.081000000000000000e+03
9.870000000000000000e+02
9.520000000000000000e+02
7.724000000000000000e+03
2.504000000000000000e+03
4.393000000000000000e+03
3.101000000000000000e+03
1.767000000000000000e+03
1.857000000000000000e+03
1.865000000000000000e+03
2.311000000000000000e+03
1.227000000000000000e+03
2.502000000000000000e+03
6.080000000000000000e+03
7.430000000000000000e+03
1.696000000000000000e+03
6.620000000000000000e+02
3.706000000000000000e+03
1.531000000000000000e+03
3.504000000000000000e+03
1.235000000000000000e+03
2.759000000000000000e+03
1.320000000000000000e+03
9.640000000000000000e+02
2.036000000000000000e+03
8.130000000000000000e+02
7.650000000000000000e+02
6.950000000000000000e+02
1.105000000000000000e+03
1.151000000000000000e+03
1.121000000000000000e+03
1.023000000000000000e+03
3.124000000000000000e+03
1.777000000000000000e+03
1.033000000000000000e+03
1.896000000000000000e+03
1.419000000000000000e+03
2.877000000000000000e+03
3.059000000000000000e+03
1.616000000000000000e+03
1.116000000000000000e+03
1.327000000000000000e+03
2.204000000000000000e+03
1.324000000000000000e+03
1.279000000000000000e+03
1.079000000000000000e+03
1.470000000000000000e+03
8.830000000000000000e+02
1.354000000000000000e+03
8.570000000000000000e+02
8.410000000000000000e+02
1.727000000000000000e+03
1.375000000000000000e+03
5.640000000000000000e+02
1.410000000000000000e+03
1.378000000000000000e+03
6.510000000000000000e+02
1.225000000000000000e+03
9.640000000000000000e+02
1.206000000000000000e+03
7.910000000000000000e+02
4.910000000000000000e+02
1.039000000000000000e+03
2.159000000000000000e+03
1.517000000000000000e+03
1.435000000000000000e+03
1.455000000000000000e+03
1.484000000000000000e+03
7.440000000000000000e+02
1.869000000000000000e+03
2.297000000000000000e+03
5.990000000000000000e+02
2.442000000000000000e+03
1.937000000000000000e+03
1.675000000000000000e+03
2.785000000000000000e+03
2.655000000000000000e+03
3.560000000000000000e+03
1.962000000000000000e+03
4.324000000000000000e+03
2.447000000000000000e+03
1.533000000000000000e+03
1.162000000000000000e+03
2.474000000000000000e+03
2.533000000000000000e+03
8.540000000000000000e+02
6.780000000000000000e+02
1.966000000000000000e+03
1.413000000000000000e+03
2.007000000000000000e+03
2.136000000000000000e+03
1.003000000000000000e+03
6.450000000000000000e+02
5.300000000000000000e+02
8.430000000000000000e+02
8.650000000000000000e+02
1.518000000000000000e+03
1.694000000000000000e+03
8.750000000000000000e+02
1.224000000000000000e+03
7.640000000000000000e+02
8.690000000000000000e+02
6.450000000000000000e+02
9.940000000000000000e+02
9.630000000000000000e+02
6.130000000000000000e+02
8.890000000000000000e+02
9.970000000000000000e+02
9.570000000000000000e+02
7.690000000000000000e+02
1.866000000000000000e+03
1.646000000000000000e+03
4.592000000000000000e+03
2.522000000000000000e+03
1.433000000000000000e+03
3.735000000000000000e+03
1.512000000000000000e+03
2.705000000000000000e+03
8.112000000000000000e+03
8.039000000000000000e+03
7.971000000000000000e+03
4.781000000000000000e+03
7.410000000000000000e+02
1.007000000000000000e+03
6.450000000000000000e+02
6.000000000000000000e+02
8.000000000000000000e+02
1.652000000000000000e+03
1.427000000000000000e+03
8.570000000000000000e+02
1.112000000000000000e+03
1.079000000000000000e+03
1.936000000000000000e+03
3.361000000000000000e+03
6.281000000000000000e+03
2.482000000000000000e+03
1.691000000000000000e+03
2.717000000000000000e+03
4.431000000000000000e+03
2.654000000000000000e+03
3.038000000000000000e+03
2.915000000000000000e+03
1.640000000000000000e+03
1.262000000000000000e+03
1.291000000000000000e+03
1.414000000000000000e+03
1.067000000000000000e+03
9.750000000000000000e+02
8.640000000000000000e+02
1.383000000000000000e+03
2.163000000000000000e+03
1.968000000000000000e+03
1.045000000000000000e+03
1.137000000000000000e+03
9.320000000000000000e+02
5.100000000000000000e+02
2.041000000000000000e+03
1.052000000000000000e+03
9.250000000000000000e+02
6.480000000000000000e+02
9.650000000000000000e+02
4.620000000000000000e+02
1.053000000000000000e+03
3.580000000000000000e+02
9.320000000000000000e+02
1.223000000000000000e+03
2.700000000000000000e+02
4.570000000000000000e+02
8.320000000000000000e+02
1.176000000000000000e+03
9.750000000000000000e+02
1.302000000000000000e+03
2.065000000000000000e+03
1.547000000000000000e+03
6.400000000000000000e+02
8.130000000000000000e+02
9.920000000000000000e+02
4.190000000000000000e+02
1.244000000000000000e+03
8.240000000000000000e+02
1.049000000000000000e+03
9.450000000000000000e+02
9.750000000000000000e+02
7.560000000000000000e+02
1.110000000000000000e+03
1.317000000000000000e+03
2.351000000000000000e+03
1.903000000000000000e+03
7.650000000000000000e+02
1.010000000000000000e+03
8.480000000000000000e+02
1.410000000000000000e+03
5.820000000000000000e+02
5.490000000000000000e+02
6.120000000000000000e+02
9.060000000000000000e+02
1.274000000000000000e+03
7.880000000000000000e+02
1.385000000000000000e+03
4.710000000000000000e+02
1.590000000000000000e+03
7.080000000000000000e+02
1.444000000000000000e+03
7.070000000000000000e+02
1.447000000000000000e+03
1.043000000000000000e+03
7.836000000000000000e+03
2.840000000000000000e+03
1.889000000000000000e+03
3.983000000000000000e+03
1.800000000000000000e+03
1.869000000000000000e+03
1.157000000000000000e+03
6.420000000000000000e+02
4.080000000000000000e+02
1.263000000000000000e+03
8.340000000000000000e+02
1.163000000000000000e+03
5.970000000000000000e+02
7.320000000000000000e+02
6.360000000000000000e+02
6.830000000000000000e+02
1.582000000000000000e+03
4.624000000000000000e+03
1.154000000000000000e+03
1.537000000000000000e+03
1.061000000000000000e+03
2.246000000000000000e+03
1.588000000000000000e+03
1.010000000000000000e+03
2.973000000000000000e+03
9.820000000000000000e+02
2.023000000000000000e+03
1.573000000000000000e+03
7.530000000000000000e+02
8.030000000000000000e+02
1.342000000000000000e+03
7.770000000000000000e+02
4.682000000000000000e+03
1.003000000000000000e+03
3.560000000000000000e+02
3.441000000000000000e+03
4.656000000000000000e+03
1.072000000000000000e+03
2.519000000000000000e+03
1.752000000000000000e+03
1.739000000000000000e+03
6.329000000000000000e+03
2.317000000000000000e+03
5.876000000000000000e+03
3.365000000000000000e+03
7.983000000000000000e+03
7.210000000000000000e+02
3.630000000000000000e+02
9.880000000000000000e+02
1.191000000000000000e+03
6.270000000000000000e+02
7.470000000000000000e+02
1.294000000000000000e+03
9.660000000000000000e+02
9.340000000000000000e+02
4.830000000000000000e+02
1.673000000000000000e+03
1.326000000000000000e+03
1.150000000000000000e+03
3.970000000000000000e+02
9.980000000000000000e+02
8.880000000000000000e+02
1.463000000000000000e+03
6.170000000000000000e+02
7.770000000000000000e+02
8.820000000000000000e+02
1.412000000000000000e+03
7.080000000000000000e+02
1.806000000000000000e+03
7.900000000000000000e+02
4.690000000000000000e+02
4.990000000000000000e+02
7.780000000000000000e+02
1.055000000000000000e+03
1.556000000000000000e+03
6.770000000000000000e+02
4.200000000000000000e+02
8.890000000000000000e+02
6.830000000000000000e+02
4.090000000000000000e+02
1.676000000000000000e+03
7.980000000000000000e+02
1.172000000000000000e+03
8.040000000000000000e+02
5.680000000000000000e+02
6.450000000000000000e+02
6.940000000000000000e+02
1.127000000000000000e+03
2.519000000000000000e+03
1.511000000000000000e+03
9.120000000000000000e+02
2.724000000000000000e+03
1.263000000000000000e+03
1.713000000000000000e+03
9.850000000000000000e+02
2.366000000000000000e+03
2.343000000000000000e+03
9.500000000000000000e+02
9.260000000000000000e+02
1.392000000000000000e+03
1.053000000000000000e+03
8.400000000000000000e+02
9.820000000000000000e+02
6.740000000000000000e+02
1.590000000000000000e+03
7.860000000000000000e+02
1.193000000000000000e+03
7.360000000000000000e+02
1.027000000000000000e+03
1.040000000000000000e+03
8.800000000000000000e+02
1.363000000000000000e+03
1.205000000000000000e+03
1.879000000000000000e+03
1.212000000000000000e+03
1.025000000000000000e+03
1.113000000000000000e+03
7.920000000000000000e+02
1.513000000000000000e+03
1.758000000000000000e+03
1.114000000000000000e+03
2.344000000000000000e+03
1.547000000000000000e+03
1.918000000000000000e+03
1.112000000000000000e+03
5.930000000000000000e+02
1.713000000000000000e+03
7.970000000000000000e+02
1.868000000000000000e+03
9.960000000000000000e+02
5.780000000000000000e+02
1.394000000000000000e+03
5.021000000000000000e+03
1.135000000000000000e+03
4.576000000000000000e+03
1.482000000000000000e+03
3.508000000000000000e+03
2.020000000000000000e+03
6.120000000000000000e+02
2.942000000000000000e+03
1.230000000000000000e+03
7.210000000000000000e+02
1.400000000000000000e+03
7.250000000000000000e+02
8.110000000000000000e+02
1.470000000000000000e+03
1.232000000000000000e+03
4.330000000000000000e+02
1.482000000000000000e+03
1.375000000000000000e+03
1.472000000000000000e+03
1.482000000000000000e+03
1.976000000000000000e+03
1.554000000000000000e+03
2.175000000000000000e+03
1.415000000000000000e+03
8.440000000000000000e+02
8.170000000000000000e+02
3.560000000000000000e+02
6.870000000000000000e+02
7.830000000000000000e+02
8.260000000000000000e+02
4.800000000000000000e+02
7.560000000000000000e+02
5.820000000000000000e+02
8.670000000000000000e+02
7.390000000000000000e+02
4.980000000000000000e+02
8.000000000000000000e+02
1.569000000000000000e+03
1.430000000000000000e+03
1.116000000000000000e+03
5.850000000000000000e+02
7.930000000000000000e+02
9.720000000000000000e+02
1.099000000000000000e+03
1.030000000000000000e+03
2.480000000000000000e+03
4.197000000000000000e+03
3.420000000000000000e+03
4.092000000000000000e+03
2.954000000000000000e+03
4.535000000000000000e+03
1.844000000000000000e+03
4.742000000000000000e+03
3.396000000000000000e+03
1.159000000000000000e+03
3.740000000000000000e+03
2.233000000000000000e+03
1.833000000000000000e+03
1.751000000000000000e+03
7.332000000000000000e+03
6.451000000000000000e+03
1.907000000000000000e+03
3.020000000000000000e+03
6.220000000000000000e+02
1.261000000000000000e+03
9.900000000000000000e+02
1.001000000000000000e+03
8.520000000000000000e+02
8.710000000000000000e+02
9.930000000000000000e+02
8.220000000000000000e+02
5.870000000000000000e+02
1.340000000000000000e+03
5.390000000000000000e+02
1.265000000000000000e+03
1.499000000000000000e+03
1.096000000000000000e+03
9.710000000000000000e+02
4.546000000000000000e+03
8.060000000000000000e+02
1.760000000000000000e+03
1.548000000000000000e+03
1.032000000000000000e+03
8.150000000000000000e+02
1.045000000000000000e+03
1.107000000000000000e+03
1.177000000000000000e+03
1.099000000000000000e+03
9.210000000000000000e+02
1.105000000000000000e+03
1.511000000000000000e+03
6.720000000000000000e+02
1.311000000000000000e+03
1.007000000000000000e+03
5.750000000000000000e+02
8.010000000000000000e+02
8.780000000000000000e+02
6.840000000000000000e+02
9.380000000000000000e+02
1.100000000000000000e+03
1.219000000000000000e+03
7.840000000000000000e+02
7.680000000000000000e+02
9.220000000000000000e+02
8.230000000000000000e+02
1.211000000000000000e+03
9.390000000000000000e+02
1.583000000000000000e+03
1.094000000000000000e+03
3.570000000000000000e+02
8.780000000000000000e+02
7.800000000000000000e+02
5.980000000000000000e+02
6.150000000000000000e+02
2.944000000000000000e+03
5.686000000000000000e+03
1.155000000000000000e+03
4.173000000000000000e+03
1.146000000000000000e+03
2.383000000000000000e+03
2.037000000000000000e+03
2.366000000000000000e+03
2.354000000000000000e+03
4.220000000000000000e+03
9.780000000000000000e+02
6.540000000000000000e+02
1.114000000000000000e+03
5.570000000000000000e+02
9.210000000000000000e+02
1.298000000000000000e+03
4.620000000000000000e+02
9.150000000000000000e+02
9.850000000000000000e+02
1.312000000000000000e+03
5.330000000000000000e+02
8.840000000000000000e+02
8.920000000000000000e+02
1.102000000000000000e+03
6.500000000000000000e+02
1.651000000000000000e+03
6.070000000000000000e+02
4.820000000000000000e+02
4.090000000000000000e+02
5.160000000000000000e+02
3.164000000000000000e+03
1.106000000000000000e+03
1.001000000000000000e+03
2.148000000000000000e+03
6.980000000000000000e+02
6.490000000000000000e+02
1.045000000000000000e+03
1.656000000000000000e+03
3.950000000000000000e+02
2.689000000000000000e+03
7.450000000000000000e+02
9.170000000000000000e+02
7.860000000000000000e+02
4.830000000000000000e+02
6.840000000000000000e+02
9.010000000000000000e+02
1.231000000000000000e+03
1.083000000000000000e+03
1.527000000000000000e+03
9.530000000000000000e+02
4.740000000000000000e+02
8.830000000000000000e+02
5.500000000000000000e+02
4.360000000000000000e+02
1.357000000000000000e+03
6.100000000000000000e+02
7.620000000000000000e+02
8.760000000000000000e+02
8.600000000000000000e+02
6.260000000000000000e+02
1.229000000000000000e+03
8.190000000000000000e+02
1.214000000000000000e+03
9.620000000000000000e+02
8.040000000000000000e+02
1.127000000000000000e+03
1.033000000000000000e+03
5.560000000000000000e+02
1.631000000000000000e+03
6.670000000000000000e+02
9.580000000000000000e+02
8.060000000000000000e+02
1.054000000000000000e+03
9.310000000000000000e+02
8.770000000000000000e+02
1.223000000000000000e+03
1.018000000000000000e+03
4.370000000000000000e+02
1.079000000000000000e+03
1.776000000000000000e+03
8.990000000000000000e+02
1.212000000000000000e+03
5.210000000000000000e+02
7.190000000000000000e+02
1.879000000000000000e+03
8.430000000000000000e+02
5.190000000000000000e+02
9.400000000000000000e+02
5.610000000000000000e+02
1.186000000000000000e+03
2.173000000000000000e+03
7.410000000000000000e+02
1.288000000000000000e+03
8.780000000000000000e+02
6.910000000000000000e+02
8.350000000000000000e+02
3.590000000000000000e+02
9.070000000000000000e+02
3.820000000000000000e+02
3.020000000000000000e+02
5.030000000000000000e+02
7.590000000000000000e+02
5.190000000000000000e+02
8.600000000000000000e+02
1.420000000000000000e+03
6.820000000000000000e+02
4.660000000000000000e+02
9.300000000000000000e+02
5.130000000000000000e+02
5.650000000000000000e+02
7.250000000000000000e+02
1.218000000000000000e+03
9.190000000000000000e+02
3.610000000000000000e+02
1.178000000000000000e+03
1.758000000000000000e+03
5.310000000000000000e+02
7.550000000000000000e+02
8.900000000000000000e+02
3.390000000000000000e+02
6.310000000000000000e+02
7.140000000000000000e+02
7.330000000000000000e+02
1.260000000000000000e+03
8.970000000000000000e+02
8.650000000000000000e+02
1.123000000000000000e+03
1.048000000000000000e+03
1.442000000000000000e+03
8.490000000000000000e+02
7.740000000000000000e+02
6.020000000000000000e+02
8.930000000000000000e+02
7.800000000000000000e+02
1.261000000000000000e+03
7.310000000000000000e+02
8.720000000000000000e+02
7.680000000000000000e+02
6.410000000000000000e+02
1.326000000000000000e+03
6.970000000000000000e+02
6.710000000000000000e+02
1.300000000000000000e+03
4.810000000000000000e+02
8.330000000000000000e+02
7.520000000000000000e+02
9.100000000000000000e+02
4.550000000000000000e+02
4.850000000000000000e+02
1.788000000000000000e+03
9.810000000000000000e+02
1.425000000000000000e+03
4.420000000000000000e+02
8.170000000000000000e+02
2.421000000000000000e+03
1.106000000000000000e+03
2.700000000000000000e+02
2.325000000000000000e+03
8.130000000000000000e+02
1.497000000000000000e+03
1.586000000000000000e+03
2.688000000000000000e+03
7.940000000000000000e+02
1.095000000000000000e+03
1.147000000000000000e+03
7.580000000000000000e+02
7.987000000000000000e+03
1.072000000000000000e+03
9.660000000000000000e+02
6.790000000000000000e+02
1.023000000000000000e+03
6.210000000000000000e+02
1.283000000000000000e+03
9.110000000000000000e+02
1.764000000000000000e+03
5.680000000000000000e+02
2.140000000000000000e+03
1.140000000000000000e+03
1.574000000000000000e+03
1.166000000000000000e+03
1.972000000000000000e+03
7.700000000000000000e+02
9.640000000000000000e+02
6.510000000000000000e+02
1.246000000000000000e+03
1.154000000000000000e+03
8.430000000000000000e+02
6.520000000000000000e+02
9.840000000000000000e+02
1.170000000000000000e+03
4.000000000000000000e+02
9.050000000000000000e+02
9.110000000000000000e+02
1.250000000000000000e+03
1.107000000000000000e+03
5.750000000000000000e+02
6.070000000000000000e+02
1.837000000000000000e+03
9.400000000000000000e+02
9.150000000000000000e+02
5.660000000000000000e+02
9.300000000000000000e+02
6.310000000000000000e+02
7.830000000000000000e+02
5.200000000000000000e+02
4.610000000000000000e+02
1.120000000000000000e+03
3.920000000000000000e+02
9.610000000000000000e+02
1.202000000000000000e+03
1.837000000000000000e+03
6.240000000000000000e+02
1.356000000000000000e+03
1.025000000000000000e+03
8.510000000000000000e+02
6.890000000000000000e+02
1.273000000000000000e+03
1.184000000000000000e+03
1.144000000000000000e+03
1.300000000000000000e+03
3.166000000000000000e+03
1.162000000000000000e+03
1.475000000000000000e+03
1.675000000000000000e+03
1.217000000000000000e+03
1.161000000000000000e+03
1.210000000000000000e+03
1.698000000000000000e+03
2.522000000000000000e+03
1.056000000000000000e+03
7.155000000000000000e+03
8.790000000000000000e+02
2.071000000000000000e+03
7.418000000000000000e+03
3.583000000000000000e+03
3.832000000000000000e+03
2.039000000000000000e+03
9.650000000000000000e+02
1.106000000000000000e+03
3.089000000000000000e+03
1.628000000000000000e+03
1.160000000000000000e+03
7.400000000000000000e+02
9.000000000000000000e+02
6.380000000000000000e+02
7.650000000000000000e+02
9.590000000000000000e+02
8.100000000000000000e+02
5.420000000000000000e+02
1.382000000000000000e+03
1.360000000000000000e+03
6.550000000000000000e+02
8.020000000000000000e+02
9.180000000000000000e+02
9.650000000000000000e+02
9.710000000000000000e+02
8.520000000000000000e+02
9.700000000000000000e+02
6.920000000000000000e+02
8.860000000000000000e+02
1.520000000000000000e+03
1.443000000000000000e+03
1.103000000000000000e+03
9.510000000000000000e+02
2.576000000000000000e+03
6.510000000000000000e+02
1.391000000000000000e+03
1.284000000000000000e+03
1.746000000000000000e+03
1.482000000000000000e+03
1.015000000000000000e+03
1.075000000000000000e+03
3.910000000000000000e+02
5.790000000000000000e+02
6.680000000000000000e+02
6.970000000000000000e+02
7.770000000000000000e+02
6.410000000000000000e+02
1.373000000000000000e+03
6.420000000000000000e+02
6.380000000000000000e+02
4.270000000000000000e+02
6.430000000000000000e+02
6.050000000000000000e+02
9.410000000000000000e+02
8.980000000000000000e+02
7.490000000000000000e+02
1.181000000000000000e+03
5.180000000000000000e+02
9.190000000000000000e+02
1.221000000000000000e+03
7.290000000000000000e+02
1.190000000000000000e+03
5.710000000000000000e+02
4.220000000000000000e+02
8.070000000000000000e+02
7.980000000000000000e+02
9.200000000000000000e+02
1.006000000000000000e+03
7.370000000000000000e+02
1.637000000000000000e+03
1.285000000000000000e+03
1.081000000000000000e+03
1.072000000000000000e+03
1.512000000000000000e+03
9.230000000000000000e+02
1.355000000000000000e+03
1.031000000000000000e+03
1.248000000000000000e+03
1.023000000000000000e+03
9.070000000000000000e+02
6.210000000000000000e+02
1.359000000000000000e+03
9.200000000000000000e+02
5.860000000000000000e+02
5.490000000000000000e+02
7.570000000000000000e+02
8.610000000000000000e+02
8.510000000000000000e+02
2.780000000000000000e+02
1.141000000000000000e+03
9.460000000000000000e+02
6.170000000000000000e+02
4.600000000000000000e+02
1.930000000000000000e+03
1.020000000000000000e+03
1.690000000000000000e+03
8.330000000000000000e+02
9.030000000000000000e+02
8.530000000000000000e+02
1.655000000000000000e+03
7.020000000000000000e+02
7.390000000000000000e+02
1.872000000000000000e+03
1.006000000000000000e+03
1.838000000000000000e+03
1.854000000000000000e+03
5.540000000000000000e+02
7.040000000000000000e+02
1.080000000000000000e+03
