1.290331315994262695e+01
1.442770218849182129e+01
3.036011004447937012e+01
5.071190929412841797e+01
6.448273539543151855e+01
6.686401772499084473e+01
2.732035064697265625e+01
1.713682627677917480e+01
7.125886917114257812e+01
2.426027512550354004e+01
2.001379990577697754e+01
6.126994156837463379e+01
3.034188318252563477e+01
7.375937986373901367e+01
2.035845065116882324e+01
3.160991477966308594e+01
5.999368786811828613e+01
2.114679098129272461e+01
3.045256090164184570e+01
1.862025952339172363e+01
1.930454468727111816e+01
1.925749206542968750e+01
1.106724214553833008e+01
8.203332662582397461e+00
1.220451879501342773e+01
8.709899711608886719e+01
2.644588613510131836e+01
1.618107080459594727e+01
2.217975759506225586e+01
9.006414508819580078e+01
2.202293205261230469e+01
6.484238457679748535e+01
1.163940048217773438e+01
1.506405425071716309e+01
1.024543046951293945e+01
4.357622241973876953e+01
7.722730159759521484e+00
1.017063283920288086e+01
3.825808787345886230e+01
1.721379876136779785e+01
1.129846835136413574e+01
7.425384426116943359e+01
5.577060198783874512e+01
2.078024339675903320e+01
3.053074145317077637e+01
5.668422174453735352e+01
8.350408291816711426e+01
3.207640171051025391e+01
2.416890144348144531e+01
1.352363109588623047e+01
9.002780890464782715e+01
1.523063993453979492e+01
1.637005496025085449e+01
9.006859374046325684e+01
9.779968738555908203e+00
1.239470124244689941e+01
4.196370291709899902e+01
1.689955449104309082e+01
3.518839383125305176e+01
2.942134094238281250e+01
3.970397162437438965e+01
9.819832324981689453e+00
1.261549878120422363e+01
2.439686822891235352e+01
8.462814807891845703e+00
3.159727764129638672e+01
9.533985137939453125e+00
2.120811128616333008e+01
2.252230548858642578e+01
1.877324175834655762e+01
3.291826963424682617e+01
4.866484689712524414e+01
7.197630333900451660e+01
1.115303158760070801e+01
9.213457107543945312e+00
8.186733460426330566e+01
3.782997107505798340e+01
5.911489725112915039e+00
4.277915549278259277e+01
1.467882204055786133e+01
3.376016330718994141e+01
3.594830393791198730e+01
3.591800951957702637e+01
5.772333550453186035e+01
9.013424038887023926e+01
2.047796082496643066e+01
4.181053352355957031e+01
4.292113828659057617e+01
9.011738276481628418e+01
5.133608388900756836e+01
9.258727550506591797e+00
4.532410264015197754e+01
2.581367087364196777e+01
3.410583949089050293e+01
3.458263707160949707e+01
3.782088470458984375e+01
1.040370512008666992e+01
1.669094347953796387e+01
4.588964080810546875e+01
3.142171454429626465e+01
1.386801552772521973e+01
7.901701998710632324e+01
2.208987259864807129e+01
1.443219184875488281e+01
6.596015691757202148e+00
8.409764051437377930e+00
8.250725555419921875e+01
5.348618602752685547e+01
3.723028326034545898e+01
6.741773867607116699e+01
1.330012726783752441e+01
2.046838426589965820e+01
2.241871356964111328e+01
1.478638172149658203e+01
1.283916449546813965e+01
2.664083695411682129e+01
2.736792445182800293e+01
2.073592567443847656e+01
2.416457056999206543e+01
8.091110277175903320e+01
7.562307834625244141e+00
6.381799697875976562e+00
2.658278894424438477e+01
9.183805465698242188e+00
8.411596775054931641e+00
1.370363259315490723e+01
9.827641725540161133e+00
1.737148928642272949e+01
1.165255069732666016e+01
6.542639017105102539e+00
1.771194434165954590e+01
8.434238433837890625e+00
9.419542551040649414e+00
7.075008392333984375e+00
1.390311002731323242e+01
1.194668507575988770e+01
2.556834006309509277e+01
1.330902338027954102e+01
8.704583644866943359e+00
1.015690088272094727e+01
1.292531633377075195e+01
8.870042800903320312e+00
1.079000067710876465e+01
2.782830071449279785e+01
1.420085620880126953e+01
1.908916282653808594e+01
3.058738923072814941e+01
1.517873668670654297e+01
1.215071654319763184e+01
3.370129847526550293e+01
4.911157131195068359e+00
4.814096236228942871e+01
1.712260723114013672e+01
7.049342632293701172e+00
4.252888035774230957e+01
1.322215986251831055e+01
1.950867843627929688e+01
1.774646925926208496e+01
3.180801272392272949e+01
4.852153515815734863e+01
1.095468783378601074e+01
1.598264646530151367e+01
9.003256440162658691e+01
6.764120578765869141e+00
1.372450232505798340e+01
7.110876798629760742e+00
1.312085938453674316e+01
2.487200331687927246e+01
8.860524654388427734e+00
2.116890597343444824e+01
8.374112844467163086e+00
2.559676146507263184e+01
5.743054413795471191e+01
5.291749477386474609e+00
1.519575548171997070e+01
1.314007019996643066e+01
1.701083922386169434e+01
2.550948095321655273e+01
1.595941209793090820e+01
8.618381261825561523e+00
1.317749786376953125e+01
1.279147410392761230e+01
1.709936666488647461e+01
1.034301638603210449e+01
2.007809209823608398e+01
9.002911615371704102e+01
1.998384428024291992e+01
3.584330439567565918e+01
2.450219178199768066e+01
2.054898762702941895e+01
5.959954071044921875e+01
5.103416132926940918e+01
1.517532873153686523e+01
3.927696156501770020e+01
2.995088553428649902e+01
4.267813086509704590e+01
3.327893280982971191e+01
1.071548938751220703e+01
8.421520709991455078e+00
2.167125487327575684e+01
6.836094617843627930e+00
9.473665475845336914e+00
1.092801475524902344e+01
7.278742790222167969e+00
1.968423795700073242e+01
1.771404933929443359e+01
1.334000062942504883e+01
1.162789821624755859e+01
9.864577531814575195e+00
8.962379455566406250e+00
8.550398588180541992e+00
9.018014049530029297e+01
2.451791167259216309e+01
4.650791144371032715e+01
2.997035121917724609e+01
1.643134450912475586e+01
1.879545927047729492e+01
1.639873075485229492e+01
2.280848836898803711e+01
1.218520021438598633e+01
2.675777435302734375e+01
6.914061355590820312e+01
9.006100249290466309e+01
1.633956980705261230e+01
6.182085752487182617e+00
3.961403369903564453e+01
1.393922710418701172e+01
3.690112709999084473e+01
1.104553484916687012e+01
2.890104627609252930e+01
1.171848249435424805e+01
8.843589305877685547e+00
1.831796336174011230e+01
7.239938974380493164e+00
6.681435346603393555e+00
6.294412612915039062e+00
1.016616368293762207e+01
1.036779737472534180e+01
1.025465440750122070e+01
9.161453247070312500e+00
2.899155449867248535e+01
1.602896642684936523e+01
8.004407644271850586e+00
1.740842461585998535e+01
1.222715950012207031e+01
2.640036273002624512e+01
2.963471984863281250e+01
1.356631684303283691e+01
9.261079788208007812e+00
1.126317834854125977e+01
2.114089107513427734e+01
1.249328398704528809e+01
1.264145207405090332e+01
1.006424427032470703e+01
1.276197838783264160e+01
8.282224416732788086e+00
1.323305654525756836e+01
7.765246868133544922e+00
7.905433177947998047e+00
1.645391106605529785e+01
1.299299430847167969e+01
5.100407123565673828e+00
1.320289778709411621e+01
1.275672578811645508e+01
5.832400321960449219e+00
1.051197099685668945e+01
8.537504434585571289e+00
1.075742578506469727e+01
7.146957874298095703e+00
4.245666980743408203e+00
9.359590768814086914e+00
2.025181841850280762e+01
1.394354081153869629e+01
1.290211200714111328e+01
1.347884964942932129e+01
1.391163420677185059e+01
6.620824098587036133e+00
1.695136165618896484e+01
2.080876922607421875e+01
5.387318611145019531e+00
2.385775804519653320e+01
1.720449805259704590e+01
1.549415564537048340e+01
2.827547240257263184e+01
2.633501386642456055e+01
3.594094204902648926e+01
1.790308737754821777e+01
4.438898229598999023e+01
2.170157265663146973e+01
1.426580977439880371e+01
1.025147676467895508e+01
2.611791586875915527e+01
2.509110260009765625e+01
8.645498275756835938e+00
6.485233068466186523e+00
1.946779251098632812e+01
1.345497107505798340e+01
1.977551889419555664e+01
2.063638687133789062e+01
9.194364547729492188e+00
6.058701038360595703e+00
5.094872951507568359e+00
7.578192949295043945e+00
7.751732826232910156e+00
1.371507859230041504e+01
1.485704779624938965e+01
7.908160686492919922e+00
1.091214251518249512e+01
6.797224760055541992e+00
8.039807796478271484e+00
5.685867309570312500e+00
9.211236000061035156e+00
9.205556631088256836e+00
5.782066345214843750e+00
8.550575733184814453e+00
9.014089345932006836e+00
8.863580226898193359e+00
6.481646776199340820e+00
1.854039216041564941e+01
1.461318898200988770e+01
4.732819724082946777e+01
2.513518261909484863e+01
1.412691044807434082e+01
3.937315797805786133e+01
1.387244439125061035e+01
2.668407106399536133e+01
9.012469315528869629e+01
9.031104063987731934e+01
9.007456183433532715e+01
5.274352788925170898e+01
6.895995378494262695e+00
8.886357784271240234e+00
5.702305316925048828e+00
5.327244520187377930e+00
7.519910573959350586e+00
1.518957138061523438e+01
1.345177888870239258e+01
7.818038463592529297e+00
9.898807287216186523e+00
9.691763639450073242e+00
1.863195300102233887e+01
3.533729362487792969e+01
7.448559260368347168e+01
2.525933122634887695e+01
1.827592658996582031e+01
2.740686082839965820e+01
4.911617016792297363e+01
2.712547016143798828e+01
3.149923157691955566e+01
2.844705891609191895e+01
1.522439599037170410e+01
1.237325787544250488e+01
1.208550715446472168e+01
1.396113443374633789e+01
9.821037769317626953e+00
8.440163850784301758e+00
7.564881324768066406e+00
1.226228547096252441e+01
2.051157641410827637e+01
2.025478363037109375e+01
9.974682569503784180e+00
9.784342050552368164e+00
8.371793508529663086e+00
4.655670166015625000e+00
1.786177182197570801e+01
9.121034383773803711e+00
8.205823183059692383e+00
5.446859598159790039e+00
8.393706560134887695e+00
4.234282970428466797e+00
9.714743137359619141e+00
3.330273151397705078e+00
8.901310682296752930e+00
1.118166399002075195e+01
2.711017131805419922e+00
4.284195423126220703e+00
7.365413188934326172e+00
1.064740085601806641e+01
9.045233011245727539e+00
1.154714322090148926e+01
1.967751717567443848e+01
1.417872428894042969e+01
6.135455369949340820e+00
6.992301464080810547e+00
8.884422302246093750e+00
3.615846872329711914e+00
1.196099734306335449e+01
7.322850465774536133e+00
9.833819389343261719e+00
8.633886814117431641e+00
9.144898414611816406e+00
7.258194208145141602e+00
1.027946352958679199e+01
1.211733245849609375e+01
2.314209365844726562e+01
1.908093023300170898e+01
7.284216642379760742e+00
9.235873460769653320e+00
8.016205072402954102e+00
1.272794604301452637e+01
5.140259742736816406e+00
5.115745067596435547e+00
5.507371187210083008e+00
7.936146020889282227e+00
1.101782083511352539e+01
7.166039228439331055e+00
1.193579125404357910e+01
4.245738267898559570e+00
1.401807665824890137e+01
6.066825389862060547e+00
1.371822142601013184e+01
6.629741430282592773e+00
1.273468255996704102e+01
9.646648883819580078e+00
9.011845922470092773e+01
3.091515851020812988e+01
1.852984619140625000e+01
4.252046656608581543e+01
1.805884742736816406e+01
1.835755133628845215e+01
1.027273344993591309e+01
6.011043787002563477e+00
3.675512790679931641e+00
1.145830273628234863e+01
7.708265542984008789e+00
9.956382274627685547e+00
5.321262121200561523e+00
6.364542961120605469e+00
5.706323623657226562e+00
6.396246194839477539e+00
1.439670133590698242e+01
5.317182946205139160e+01
1.114882850646972656e+01
1.430643486976623535e+01
1.073789048194885254e+01
2.337399888038635254e+01
1.535618972778320312e+01
9.890401363372802734e+00
3.234763932228088379e+01
8.742474794387817383e+00
2.067086696624755859e+01
1.567666673660278320e+01
7.272037029266357422e+00
7.344038963317871094e+00
1.196965432167053223e+01
7.160940408706665039e+00
4.932161331176757812e+01
9.045398473739624023e+00
3.183314085006713867e+00
3.667610192298889160e+01
4.992837357521057129e+01
9.966715335845947266e+00
2.411268711090087891e+01
1.685181903839111328e+01
1.615607094764709473e+01
6.950209188461303711e+01
2.308166289329528809e+01
6.407147026062011719e+01
3.386758041381835938e+01
9.018617415428161621e+01
6.567595243453979492e+00
3.287488698959350586e+00
8.948927640914916992e+00
1.036500191688537598e+01
5.712034702301025391e+00
6.660638093948364258e+00
1.172334074974060059e+01
8.681364536285400391e+00
8.427248716354370117e+00
4.525227785110473633e+00
1.469277429580688477e+01
1.225471305847167969e+01
1.005191183090209961e+01
3.712399482727050781e+00
8.196076869964599609e+00
8.335225820541381836e+00
1.312429714202880859e+01
5.529466867446899414e+00
6.908335924148559570e+00
7.634311914443969727e+00
1.333588290214538574e+01
6.339262962341308594e+00
1.737921643257141113e+01
7.009841680526733398e+00
4.211241245269775391e+00
4.509224414825439453e+00
7.218209981918334961e+00
9.562537908554077148e+00
1.422265338897705078e+01
5.984095573425292969e+00
3.549011230468750000e+00
7.840414762496948242e+00
6.356831789016723633e+00
3.621605634689331055e+00
1.471332406997680664e+01
7.020262718200683594e+00
1.017484521865844727e+01
7.177662372589111328e+00
4.894449234008789062e+00
5.422986745834350586e+00
6.510164737701416016e+00
1.031832146644592285e+01
2.623281979560852051e+01
1.438060307502746582e+01
8.183295249938964844e+00
2.741808843612670898e+01
1.222162628173828125e+01
1.635830593109130859e+01
9.145218372344970703e+00
2.382998490333557129e+01
2.313904380798339844e+01
8.305855035781860352e+00
8.625502109527587891e+00
1.386328244209289551e+01
9.935401201248168945e+00
7.992424726486206055e+00
9.061864852905273438e+00
6.191990375518798828e+00
1.423085784912109375e+01
7.215264081954956055e+00
1.030855250358581543e+01
6.622233629226684570e+00
9.634711742401123047e+00
9.342514514923095703e+00
7.887150526046752930e+00
1.240514326095581055e+01
1.074255180358886719e+01
1.633408451080322266e+01
1.063613104820251465e+01
9.894543409347534180e+00
1.031462502479553223e+01
7.091884613037109375e+00
1.358175683021545410e+01
1.751258850097656250e+01
9.821879386901855469e+00
2.494800853729248047e+01
1.359050130844116211e+01
1.983623886108398438e+01
9.837063789367675781e+00
5.136247873306274414e+00
1.670593929290771484e+01
7.610476493835449219e+00
1.881730103492736816e+01
9.455644130706787109e+00
5.456124067306518555e+00
1.323523020744323730e+01
5.661214256286621094e+01
1.089668893814086914e+01
5.141538953781127930e+01
1.544147109985351562e+01
3.587425518035888672e+01
1.936555290222167969e+01
5.637290716171264648e+00
2.910702538490295410e+01
1.236022520065307617e+01
6.343088388442993164e+00
1.302358222007751465e+01
6.779081821441650391e+00
7.223506450653076172e+00
1.347898006439208984e+01
1.095268082618713379e+01
3.784742593765258789e+00
1.363598465919494629e+01
1.260512518882751465e+01
1.295206928253173828e+01
1.305584907531738281e+01
1.870261120796203613e+01
1.401658487319946289e+01
2.091712641716003418e+01
1.284379506111145020e+01
7.796574115753173828e+00
7.677715539932250977e+00
3.253167390823364258e+00
6.062982320785522461e+00
7.201571702957153320e+00
7.722657680511474609e+00
4.483160734176635742e+00
6.911459922790527344e+00
5.306472778320312500e+00
8.320014238357543945e+00
6.802473306655883789e+00
4.745497465133666992e+00
6.835826158523559570e+00
1.365828037261962891e+01
1.289194393157958984e+01
9.697367191314697266e+00
5.442644596099853516e+00
7.399410486221313477e+00
8.479650974273681641e+00
9.640119552612304688e+00
9.322436094284057617e+00
2.461952567100524902e+01
4.361063122749328613e+01
3.580266332626342773e+01
4.393321204185485840e+01
3.006508421897888184e+01
4.972214746475219727e+01
1.826964592933654785e+01
5.166100740432739258e+01
3.677462387084960938e+01
1.051269364356994629e+01
3.825989079475402832e+01
2.178349161148071289e+01
1.811598944664001465e+01
1.557023072242736816e+01
9.022345089912414551e+01
7.458898949623107910e+01
1.903937530517578125e+01
3.274435782432556152e+01
5.830637931823730469e+00
1.026246070861816406e+01
8.367658615112304688e+00
8.442954778671264648e+00
7.292679786682128906e+00
7.465900421142578125e+00
8.739372968673706055e+00
6.935653448104858398e+00
5.011182308197021484e+00
1.097721624374389648e+01
4.692261457443237305e+00
1.312998437881469727e+01
1.392821884155273438e+01
1.007651305198669434e+01
9.142426252365112305e+00
4.991490817070007324e+01
8.142529726028442383e+00
1.829957723617553711e+01
1.703597736358642578e+01
1.032161092758178711e+01
8.566990613937377930e+00
9.637603998184204102e+00
1.052087783813476562e+01
1.083612847328186035e+01
9.519746541976928711e+00
8.207363367080688477e+00
1.002538776397705078e+01
1.366863393783569336e+01
6.044511556625366211e+00
1.199456286430358887e+01
9.136063337326049805e+00
4.872821569442749023e+00
6.921803951263427734e+00
7.808434247970581055e+00
6.233292102813720703e+00
8.453487873077392578e+00
9.746332645416259766e+00
1.109595203399658203e+01
7.254045724868774414e+00
6.976243972778320312e+00
7.816671609878540039e+00
7.067908525466918945e+00
1.044749379158020020e+01
7.796889781951904297e+00
1.354223394393920898e+01
9.306282758712768555e+00
3.066663265228271484e+00
7.462788581848144531e+00
6.472337961196899414e+00
5.281782388687133789e+00
5.345960855484008789e+00
2.826783323287963867e+01
6.085517263412475586e+01
1.024280142784118652e+01
4.435927343368530273e+01
1.149615955352783203e+01
2.325090932846069336e+01
2.049749994277954102e+01
2.365851283073425293e+01
2.334654831886291504e+01
4.401290369033813477e+01
9.151681423187255859e+00
5.947356939315795898e+00
1.015295529365539551e+01
4.856618881225585938e+00
8.339128494262695312e+00
1.129677963256835938e+01
4.457509756088256836e+00
8.246714830398559570e+00
8.673593282699584961e+00
1.140414810180664062e+01
5.294661998748779297e+00
8.088539600372314453e+00
7.880145788192749023e+00
9.885896205902099609e+00
6.326026439666748047e+00
1.435664057731628418e+01
5.638161420822143555e+00
4.365126132965087891e+00
4.143662691116333008e+00
4.801184415817260742e+00
3.338585329055786133e+01
9.432027339935302734e+00
8.332382202148437500e+00
2.028316974639892578e+01
6.250273227691650391e+00
6.083747148513793945e+00
9.128083229064941406e+00
1.362691950798034668e+01
3.482777595520019531e+00
2.528600931167602539e+01
6.831613302230834961e+00
8.141937732696533203e+00
7.223171949386596680e+00
4.174908876419067383e+00
6.142917394638061523e+00
8.008471012115478516e+00
1.093594646453857422e+01
9.602513313293457031e+00
1.385274863243103027e+01
8.700948238372802734e+00
4.627668142318725586e+00
9.241845130920410156e+00
5.372391939163208008e+00
4.401561021804809570e+00
1.332672834396362305e+01
5.812958478927612305e+00
7.279237747192382812e+00
8.202160358428955078e+00
9.043736696243286133e+00
6.569250345230102539e+00
1.152957439422607422e+01
7.649209022521972656e+00
1.126218175888061523e+01
8.923258781433105469e+00
7.461108922958374023e+00
1.082053399085998535e+01
8.963346481323242188e+00
4.865876913070678711e+00
1.534116101264953613e+01
5.888845443725585938e+00
8.545460700988769531e+00
7.496838092803955078e+00
9.145415782928466797e+00
8.065077543258666992e+00
7.670259475708007812e+00
1.088422083854675293e+01
9.124873399734497070e+00
4.014463901519775391e+00
9.624002456665039062e+00
1.590765762329101562e+01
8.216094255447387695e+00
1.098190307617187500e+01
4.873816013336181641e+00
6.658947944641113281e+00
1.715794730186462402e+01
7.361818313598632812e+00
4.475476264953613281e+00
8.555023670196533203e+00
5.522899389266967773e+00
1.032628250122070312e+01
2.033336353302001953e+01
6.643867015838623047e+00
1.194400930404663086e+01
7.930772781372070312e+00
6.573003292083740234e+00
7.617983102798461914e+00
3.523341417312622070e+00
8.503943443298339844e+00
3.585741043090820312e+00
3.005994319915771484e+00
4.273882627487182617e+00
7.038959026336669922e+00
4.839720487594604492e+00
7.382127046585083008e+00
1.242246770858764648e+01
6.144059419631958008e+00
4.386512279510498047e+00
8.208695173263549805e+00
4.583034276962280273e+00
5.141132116317749023e+00
6.279762744903564453e+00
1.066499018669128418e+01
8.340722084045410156e+00
3.445170164108276367e+00
1.029848170280456543e+01
1.518225908279418945e+01
4.713272094726562500e+00
6.622674226760864258e+00
7.930799007415771484e+00
2.928465127944946289e+00
5.318892717361450195e+00
6.274192094802856445e+00
6.349474906921386719e+00
1.123207426071166992e+01
7.695665121078491211e+00
7.520943641662597656e+00
9.708689928054809570e+00
8.971581697463989258e+00
1.245916652679443359e+01
7.374520778656005859e+00
7.182620048522949219e+00
5.269978046417236328e+00
7.817579507827758789e+00
6.960943222045898438e+00
1.148606395721435547e+01
6.785400390625000000e+00
7.809318542480468750e+00
6.958160877227783203e+00
5.741008043289184570e+00
1.240156197547912598e+01
6.320540428161621094e+00
5.739384412765502930e+00
1.187437963485717773e+01
4.257985353469848633e+00
7.410653352737426758e+00
6.788493156433105469e+00
7.897418022155761719e+00
4.126968383789062500e+00
4.610575437545776367e+00
1.554542422294616699e+01
8.458554267883300781e+00
1.273280405998229980e+01
4.008392572402954102e+00
7.095080852508544922e+00
2.240746998786926270e+01
9.780069828033447266e+00
2.560353994369506836e+00
2.239573311805725098e+01
7.156786203384399414e+00
1.343951177597045898e+01
1.516307115554809570e+01
2.636465740203857422e+01
7.081364631652832031e+00
9.827260732650756836e+00
1.036117076873779297e+01
6.859277009963989258e+00
9.022842407226562500e+01
9.551006317138671875e+00
8.621726512908935547e+00
6.040762901306152344e+00
9.116975784301757812e+00
5.684679508209228516e+00
1.151803922653198242e+01
7.979147195816040039e+00
1.720448064804077148e+01
5.341145515441894531e+00
1.987870454788208008e+01
1.090424394607543945e+01
1.442803764343261719e+01
1.038812994956970215e+01
1.764862799644470215e+01
6.945141315460205078e+00
8.773993253707885742e+00
6.051673889160156250e+00
1.263326740264892578e+01
1.025387883186340332e+01
7.885957241058349609e+00
5.473515748977661133e+00
8.844965219497680664e+00
9.989686727523803711e+00
3.707334518432617188e+00
8.024929761886596680e+00
8.097492933273315430e+00
1.118142795562744141e+01
1.011535549163818359e+01
5.265935182571411133e+00
5.677960634231567383e+00
1.659078025817871094e+01
8.569610357284545898e+00
8.168820142745971680e+00
5.309295892715454102e+00
8.808894872665405273e+00
5.748198747634887695e+00
6.926979541778564453e+00
4.773769855499267578e+00
4.580042123794555664e+00
1.015661978721618652e+01
3.496898174285888672e+00
8.744302749633789062e+00
1.088621520996093750e+01
1.682858586311340332e+01
6.296720027923583984e+00
1.255940222740173340e+01
1.034108543395996094e+01
8.730320215225219727e+00
6.425662040710449219e+00
1.174831199645996094e+01
1.186733222007751465e+01
1.047871017456054688e+01
1.288052201271057129e+01
3.284754967689514160e+01
1.034883117675781250e+01
1.420407271385192871e+01
1.535012841224670410e+01
1.100237107276916504e+01
1.054490613937377930e+01
1.087075853347778320e+01
1.655444192886352539e+01
2.531391358375549316e+01
9.756367206573486328e+00
9.013620185852050781e+01
8.215577840805053711e+00
2.178953099250793457e+01
9.015348243713378906e+01
3.777501106262207031e+01
4.173515868186950684e+01
2.078679609298706055e+01
9.358437299728393555e+00
9.881250619888305664e+00
3.266948461532592773e+01
1.401999068260192871e+01
9.574582815170288086e+00
6.577949047088623047e+00
8.019953012466430664e+00
5.587887525558471680e+00
6.990295410156250000e+00
8.790353298187255859e+00
7.405892610549926758e+00
4.817965269088745117e+00
1.220050740242004395e+01
1.170268654823303223e+01
5.572627782821655273e+00
7.313660383224487305e+00
8.525830745697021484e+00
8.454190492630004883e+00
8.505923509597778320e+00
7.891190052032470703e+00
8.445554971694946289e+00
5.730622291564941406e+00
8.214995861053466797e+00
1.404308509826660156e+01
1.231976366043090820e+01
9.922488212585449219e+00
8.577392816543579102e+00
2.597891163825988770e+01
5.983025789260864258e+00
1.331582021713256836e+01
1.239510369300842285e+01
1.593695116043090820e+01
1.290299749374389648e+01
8.825467824935913086e+00
9.109299659729003906e+00
3.729516983032226562e+00
5.072138309478759766e+00
5.652267694473266602e+00
5.987117290496826172e+00
7.208438396453857422e+00
5.661005973815917969e+00
1.189269661903381348e+01
5.504936933517456055e+00
5.694190740585327148e+00
3.921342134475708008e+00
5.561730146408081055e+00
5.221335172653198242e+00
8.592434883117675781e+00
8.053079605102539062e+00
6.614230155944824219e+00
9.890957832336425781e+00
4.591318130493164062e+00
7.747764825820922852e+00
1.033842206001281738e+01
7.011040925979614258e+00
1.050503325462341309e+01
5.065016031265258789e+00
4.266856670379638672e+00
6.823876619338989258e+00
7.394135236740112305e+00
8.901492595672607422e+00
8.892049074172973633e+00
7.160138607025146484e+00
1.405104756355285645e+01
1.152973246574401855e+01
1.006358027458190918e+01
9.699853658676147461e+00
1.486266613006591797e+01
8.432738542556762695e+00
1.266193628311157227e+01
9.087261438369750977e+00
1.171897745132446289e+01
9.062083482742309570e+00
7.518885374069213867e+00
5.004332065582275391e+00
1.130382585525512695e+01
8.634753704071044922e+00
5.301958560943603516e+00
5.196829080581665039e+00
7.036929368972778320e+00
7.685197353363037109e+00
7.842317104339599609e+00
2.534977197647094727e+00
1.012119889259338379e+01
8.072087287902832031e+00
5.998403310775756836e+00
4.000107526779174805e+00
1.753398394584655762e+01
8.876996517181396484e+00
1.461672830581665039e+01
7.172700405120849609e+00
7.851299524307250977e+00
7.488397836685180664e+00
1.539936804771423340e+01
6.028345108032226562e+00
6.554875135421752930e+00
1.643224072456359863e+01
8.913201808929443359e+00
1.554878830909729004e+01
1.739369916915893555e+01
5.118707656860351562e+00
6.457013607025146484e+00
9.942358016967773438e+00
