4.591976904869079590e+01
2.097483420372009277e+01
4.929911208152770996e+01
1.480912518501281738e+01
4.215791153907775879e+01
8.334107351303100586e+01
2.423752403259277344e+01
5.738166713714599609e+01
3.077588415145874023e+01
4.447375965118408203e+01
3.330975627899169922e+01
3.198893189430236816e+01
5.970324563980102539e+01
3.176618695259094238e+01
2.301732587814331055e+01
8.733113861083984375e+01
8.921426987648010254e+01
4.953533220291137695e+01
8.923952651023864746e+01
6.721514916419982910e+01
8.918966627120971680e+01
2.813293004035949707e+01
1.210637474060058594e+01
3.001415252685546875e+01
2.327131414413452148e+01
5.494505190849304199e+01
5.004221916198730469e+00
1.134363603591918945e+01
1.371919536590576172e+01
1.202121710777282715e+01
8.900781226158142090e+01
1.767761206626892090e+01
2.848020195960998535e+01
8.902797102928161621e+01
4.433716917037963867e+01
1.054268097877502441e+01
2.737182879447937012e+01
7.593322038650512695e+00
4.938655829429626465e+01
1.826223206520080566e+01
4.305848383903503418e+01
1.354950857162475586e+01
7.294714379310607910e+01
2.350277400016784668e+01
2.501118183135986328e+01
2.223304414749145508e+01
7.653766679763793945e+01
2.034237909317016602e+01
8.088134765625000000e+00
6.266223549842834473e+01
4.268659257888793945e+01
6.130585145950317383e+01
3.242173957824707031e+01
8.905613183975219727e+01
8.909998655319213867e+01
6.837421798706054688e+01
7.417146539688110352e+01
8.910322403907775879e+01
4.082711911201477051e+01
2.022975015640258789e+01
9.795820713043212891e+00
8.570871591567993164e+00
1.461601567268371582e+01
5.908379983901977539e+01
2.686758255958557129e+01
5.918047904968261719e+01
5.453558135032653809e+01
5.901704525947570801e+01
6.393443107604980469e+00
3.357833170890808105e+01
4.151423335075378418e+01
2.569983553886413574e+01
3.713241481781005859e+01
8.912643575668334961e+01
1.083871316909790039e+01
2.619123363494873047e+01
3.806929540634155273e+01
6.612108397483825684e+01
2.557822060585021973e+01
3.795602869987487793e+01
5.926267790794372559e+01
5.912467527389526367e+01
2.022800183296203613e+01
2.144959545135498047e+01
5.923320841789245605e+01
5.913568902015686035e+01
3.028680467605590820e+01
5.921783375740051270e+01
5.907434916496276855e+01
2.003549766540527344e+01
4.708618283271789551e+01
2.528627800941467285e+01
5.435604119300842285e+01
1.675133228302001953e+01
1.287290430068969727e+01
1.468950891494750977e+01
2.226607179641723633e+01
5.936503887176513672e+01
3.206087660789489746e+01
2.356911301612854004e+01
1.439229846000671387e+01
3.945778536796569824e+01
4.604230165481567383e+00
1.914905047416687012e+01
5.894709539413452148e+01
4.529075241088867188e+01
2.861974382400512695e+01
3.587248682975769043e+01
4.337351965904235840e+01
2.251181674003601074e+01
5.902259874343872070e+01
1.452994346618652344e+01
1.460349297523498535e+01
2.084644556045532227e+01
2.680638051033020020e+01
4.692191219329833984e+01
3.399126696586608887e+01
1.849184346199035645e+01
4.155702185630798340e+01
2.855156183242797852e+01
8.523651123046875000e+00
1.007622694969177246e+01
1.602905058860778809e+01
6.165356874465942383e+00
9.816806316375732422e+00
1.226232147216796875e+01
4.679239273071289062e+00
8.351912975311279297e+00
2.255619764328002930e+00
1.046641469001770020e+01
1.523798465728759766e+01
1.036311054229736328e+01
1.492850732803344727e+01
3.299633026123046875e+00
1.644542765617370605e+01
1.474580860137939453e+01
2.470564198493957520e+01
2.319068598747253418e+01
1.898681783676147461e+01
6.873567581176757812e+00
2.301444244384765625e+01
5.371569299697875977e+01
3.409542608261108398e+01
1.169249534606933594e+01
2.898487734794616699e+01
3.125598645210266113e+01
1.172682714462280273e+01
7.448879957199096680e+00
2.082981395721435547e+01
9.992895603179931641e+00
1.551536655426025391e+01
8.911397600173950195e+01
8.909610676765441895e+01
5.180689811706542969e+01
1.283791112899780273e+01
3.236714434623718262e+01
1.398416948318481445e+01
9.522845268249511719e+00
5.398527932167053223e+01
2.232144808769226074e+01
2.765878725051879883e+01
1.004335975646972656e+01
8.644795656204223633e+00
2.438361883163452148e+01
2.396110749244689941e+01
9.910446643829345703e+00
1.875424194335937500e+01
1.017074060440063477e+01
2.630460453033447266e+01
3.171941971778869629e+01
1.155415630340576172e+01
2.629208660125732422e+01
1.001828932762145996e+01
8.353593826293945312e+00
1.579958391189575195e+01
1.124766516685485840e+01
2.306038856506347656e+01
5.173102378845214844e+00
1.395441365242004395e+01
1.645902395248413086e+01
8.770310163497924805e+00
1.708176851272583008e+01
5.078713965415954590e+01
3.778466844558715820e+01
1.665133213996887207e+01
1.755419397354125977e+01
4.279547214508056641e+01
8.654068470001220703e+00
2.087737584114074707e+01
2.566780567169189453e+01
2.616661763191223145e+01
1.369897699356079102e+01
1.511464285850524902e+01
5.917547106742858887e+01
3.386257266998291016e+01
3.094801664352416992e+01
2.610656189918518066e+01
2.029019355773925781e+01
1.130615711212158203e+01
3.350071287155151367e+01
9.013657093048095703e+00
4.495315790176391602e+00
8.380099773406982422e+00
4.979055881500244141e+00
1.448774242401123047e+01
9.940534591674804688e+00
3.715827941894531250e+00
9.046533823013305664e+00
7.569781303405761719e+00
1.221498847007751465e+01
4.433801746368408203e+01
4.542475461959838867e+01
2.071201848983764648e+01
5.929028463363647461e+01
2.294811487197875977e+01
2.862780499458312988e+01
1.891950201988220215e+01
5.916311383247375488e+01
2.697361350059509277e+01
5.908063721656799316e+01
8.586475133895874023e+00
5.352174758911132812e+00
1.362412786483764648e+01
1.304036664962768555e+01
8.755573034286499023e+00
2.508910870552062988e+01
3.142461037635803223e+01
1.109651923179626465e+01
2.078883242607116699e+01
1.863168740272521973e+01
5.054672718048095703e+00
5.723795175552368164e+00
1.685838556289672852e+01
2.447388172149658203e+00
3.784282445907592773e+00
8.026224851608276367e+00
4.897827863693237305e+00
8.763556003570556641e+00
9.640865087509155273e+00
3.823005676269531250e+00
1.065044093132019043e+01
2.832478070259094238e+01
1.294784951210021973e+01
2.602240896224975586e+01
1.246736073493957520e+01
5.913232278823852539e+01
7.670811414718627930e+00
1.070057868957519531e+01
3.846886229515075684e+01
4.308677935600280762e+01
1.712107729911804199e+01
2.145183157920837402e+01
8.557858467102050781e+00
1.082797861099243164e+01
1.582576251029968262e+01
1.277922773361206055e+01
7.890032768249511719e+00
6.115109443664550781e+00
1.033864021301269531e+01
2.006158494949340820e+01
6.763458728790283203e+00
6.750190496444702148e+00
5.913689374923706055e+00
4.826315641403198242e+00
2.169944047927856445e+00
1.330177664756774902e+01
7.977460384368896484e+00
3.626230716705322266e+00
1.475436139106750488e+01
9.548202276229858398e+00
5.385568857192993164e+00
8.073665857315063477e+00
4.818244695663452148e+00
9.412541866302490234e+00
8.665507316589355469e+00
8.094367265701293945e+00
1.137952995300292969e+01
1.342903137207031250e+01
5.999634742736816406e+00
1.426179909706115723e+01
7.531279325485229492e+00
1.713530349731445312e+01
1.548444342613220215e+01
1.989982628822326660e+01
2.136247920989990234e+01
4.862087464332580566e+01
1.199554443359375000e+01
2.148461675643920898e+01
1.400369501113891602e+01
3.459110450744628906e+01
2.105198860168457031e+01
2.840801024436950684e+01
3.746018600463867188e+01
8.137928724288940430e+00
5.974557876586914062e+00
8.133182764053344727e+00
1.783801651000976562e+01
1.249561238288879395e+01
6.825987339019775391e+00
3.062767863273620605e+01
1.115191769599914551e+01
6.462284564971923828e+00
3.656831741333007812e+00
7.733440160751342773e+00
1.050479936599731445e+01
4.908055067062377930e+00
4.251025438308715820e+00
9.117905855178833008e+00
1.191111445426940918e+01
6.681255102157592773e+00
8.104570627212524414e+00
3.428205728530883789e+00
1.490043163299560547e+00
9.285444021224975586e+00
4.176652193069458008e+00
7.917577981948852539e+00
9.980579614639282227e+00
6.329602718353271484e+00
9.792999505996704102e+00
7.100170612335205078e+00
5.919139051437377930e+01
3.325358200073242188e+01
3.106495976448059082e+01
5.905463337898254395e+01
3.435968351364135742e+01
2.098912000656127930e+01
1.002435946464538574e+01
5.914291954040527344e+01
5.918343949317932129e+01
5.426606893539428711e+01
8.404052019119262695e+00
8.979022979736328125e+00
8.450582027435302734e+00
6.517693042755126953e+00
8.408494949340820312e+00
2.853397846221923828e+00
8.333619832992553711e+00
7.818531990051269531e+00
7.952387094497680664e+00
5.921988487243652344e+00
2.930579972267150879e+01
5.922293567657470703e+01
1.822436761856079102e+01
5.150951385498046875e+00
1.275024771690368652e+01
5.903084921836853027e+01
2.640190744400024414e+01
5.906865286827087402e+01
5.723710298538208008e+00
5.826200008392333984e+00
2.407685995101928711e+00
1.597084450721740723e+01
7.009749412536621094e+00
9.174211502075195312e+00
1.832161355018615723e+01
1.370025944709777832e+01
1.374682617187500000e+01
5.214899301528930664e+00
8.519209861755371094e+00
9.770722389221191406e+00
1.336466550827026367e+00
1.077666544914245605e+01
7.294753551483154297e+00
7.037113189697265625e+00
2.310261011123657227e+00
9.363868713378906250e+00
1.051306080818176270e+01
1.446949911117553711e+01
1.000212192535400391e+01
3.919837713241577148e+00
3.000825881958007812e+00
1.180122470855712891e+01
1.263098645210266113e+01
9.142778873443603516e+00
3.836797237396240234e+00
3.096973896026611328e+00
6.232074499130249023e+00
6.618517637252807617e+00
5.783601045608520508e+00
1.061925387382507324e+01
9.569299697875976562e+00
1.538312840461730957e+01
9.123547792434692383e+00
1.039539957046508789e+01
8.820111989974975586e+00
7.352760314941406250e+00
6.996609926223754883e+00
1.143677854537963867e+01
6.537771940231323242e+00
9.762173652648925781e+00
1.643070673942565918e+01
1.188608121871948242e+01
2.374010348320007324e+01
1.663705730438232422e+01
3.266320943832397461e+00
3.001578354835510254e+01
8.199244976043701172e+00
1.150034475326538086e+01
5.333397626876831055e+00
1.112130355834960938e+01
6.876743793487548828e+00
1.461059594154357910e+01
3.801879167556762695e+00
6.788563013076782227e+00
5.312271833419799805e+00
7.108464002609252930e+00
1.422260642051696777e+01
5.386387586593627930e+00
3.288303852081298828e+00
1.869098258018493652e+01
1.781814336776733398e+01
1.120179319381713867e+01
1.206421947479248047e+01
2.325398373603820801e+01
2.231335616111755371e+01
1.869756960868835449e+01
1.712726306915283203e+01
8.649798393249511719e+00
7.715453147888183594e+00
3.057424640655517578e+01
4.795294523239135742e+00
3.899634599685668945e+00
7.016748905181884766e+00
3.615351915359497070e+00
6.107135295867919922e+00
5.375374794006347656e+00
1.121203017234802246e+01
9.294891119003295898e+00
1.123195695877075195e+01
1.660955309867858887e+01
1.705516934394836426e+01
1.220003581047058105e+01
1.939319872856140137e+01
1.057149815559387207e+01
3.987929105758666992e+01
1.532205748558044434e+01
1.840718197822570801e+01
2.774477028846740723e+01
2.484267783164978027e+01
2.722564077377319336e+01
9.849637269973754883e+00
4.522624492645263672e+00
3.252810430526733398e+01
4.645769143104553223e+01
1.264308333396911621e+01
1.545652723312377930e+01
2.462564301490783691e+01
7.021939277648925781e+00
1.082217049598693848e+01
1.949569797515869141e+01
2.209861040115356445e+01
2.343723940849304199e+01
2.787310957908630371e+01
3.834870696067810059e+01
2.707359862327575684e+01
2.344748735427856445e+01
2.296309065818786621e+01
5.906353354454040527e+01
2.466712236404418945e+01
1.934654617309570312e+01
2.973639011383056641e+00
1.145214343070983887e+01
3.727891445159912109e+00
6.692744255065917969e+00
5.746030569076538086e+00
6.516821622848510742e+00
7.625189781188964844e+00
2.876458406448364258e+00
6.930620431900024414e+00
1.538226723670959473e+01
3.721405506134033203e+00
9.292593002319335938e+00
1.160440897941589355e+01
5.512929439544677734e+00
2.982967853546142578e+00
7.497249126434326172e+00
5.672797679901123047e+00
6.724600553512573242e+00
6.268715620040893555e+00
8.130976438522338867e+00
2.179892230033874512e+01
1.230851697921752930e+01
1.444431591033935547e+01
9.496164083480834961e+00
8.873327732086181641e+00
1.329623532295227051e+01
5.331754684448242188e+00
9.765524864196777344e+00
6.508611679077148438e+00
6.149477720260620117e+00
7.790502548217773438e+00
1.367311811447143555e+01
8.524485826492309570e+00
2.160517215728759766e+00
1.037269234657287598e+01
5.097043752670288086e+00
6.344287872314453125e+00
3.024532794952392578e+00
8.649046897888183594e+00
4.402122020721435547e+00
1.460971379280090332e+01
1.923688268661499023e+01
1.096154761314392090e+01
1.537954854965209961e+01
6.402840614318847656e+00
1.510367059707641602e+01
1.229670596122741699e+01
1.809369134902954102e+01
6.230877161026000977e+00
3.855435347557067871e+01
7.851708889007568359e+00
1.636294579505920410e+01
1.014513230323791504e+01
1.106842613220214844e+01
8.818181753158569336e+00
1.627454400062561035e+01
9.964160442352294922e+00
1.800030303001403809e+01
1.049596643447875977e+01
9.247124910354614258e+00
9.219037532806396484e+00
6.787122488021850586e+00
4.141647577285766602e+00
6.427424430847167969e+00
1.168480134010314941e+01
3.562206029891967773e+00
4.280869483947753906e+00
1.130276584625244141e+01
2.142752170562744141e+00
5.899338722229003906e+00
2.247616076469421387e+01
7.133622884750366211e+00
1.541366291046142578e+01
6.789283514022827148e+00
7.606673240661621094e+00
4.164756083488464355e+01
1.051853847503662109e+01
1.409524679183959961e+01
8.532261848449707031e+00
2.724814772605895996e+01
1.035821247100830078e+01
1.595782685279846191e+01
3.824919915199279785e+01
4.088616418838500977e+01
2.656191301345825195e+01
3.143649673461914062e+01
2.295682001113891602e+01
6.805716514587402344e+00
5.922000765800476074e+01
1.654923033714294434e+01
1.325641846656799316e+01
6.385084390640258789e+00
8.973599195480346680e+00
7.590491771697998047e+00
2.168476080894470215e+01
4.740526676177978516e+00
8.878370285034179688e+00
5.232845306396484375e+00
1.841496658325195312e+01
1.121106314659118652e+01
2.858459258079528809e+01
7.326532363891601562e+00
2.331425547599792480e+01
5.659167051315307617e+00
1.128288841247558594e+01
1.268225884437561035e+01
7.245848178863525391e+00
1.454787421226501465e+01
8.608913660049438477e+00
6.757631063461303711e+00
2.168400049209594727e+00
6.501616954803466797e+00
6.085191011428833008e+00
6.013802289962768555e+00
1.249946904182434082e+01
5.329802513122558594e+00
8.960538387298583984e+00
1.213324522972106934e+01
4.044582366943359375e+00
1.073585462570190430e+01
9.774475574493408203e+00
3.758256435394287109e+00
8.580122947692871094e+00
5.606053113937377930e+00
1.819101572036743164e+01
3.488191843032836914e+00
2.946462631225585938e+00
7.144941329956054688e+00
6.480092048645019531e+00
1.029118299484252930e+01
5.874943685531616211e+01
3.270127153396606445e+01
1.326815533638000488e+01
1.342577981948852539e+01
5.031135892868041992e+01
5.913301301002502441e+01
5.909685397148132324e+01
5.914569902420043945e+01
5.930982351303100586e+01
1.823068499565124512e+01
4.727437806129455566e+01
8.160605907440185547e+00
2.569520807266235352e+01
2.075296282768249512e+01
1.703751301765441895e+01
7.508925867080688477e+01
2.842283439636230469e+01
1.757902812957763672e+01
7.788652801513671875e+01
3.526575469970703125e+01
7.445105552673339844e+00
8.793132305145263672e+00
6.433351993560791016e+00
1.526075601577758789e+00
5.935998678207397461e+00
4.867681503295898438e+00
1.086516213417053223e+01
3.561058759689331055e+00
7.095933198928833008e+00
3.276353359222412109e+00
6.069559812545776367e+00
1.265735077857971191e+01
5.136447668075561523e+00
8.574990749359130859e+00
7.707653760910034180e+00
7.445713043212890625e+00
1.030189776420593262e+01
6.872228384017944336e+00
1.097443389892578125e+01
8.115350008010864258e+00
6.861047983169555664e+00
1.147840452194213867e+01
2.308727669715881348e+01
1.561813139915466309e+01
1.061221432685852051e+01
8.547775506973266602e+00
1.396334910392761230e+01
1.155196952819824219e+01
1.951313304901123047e+01
1.545758676528930664e+01
3.620973110198974609e+00
3.384717702865600586e+00
2.837232589721679688e+00
1.046888875961303711e+01
1.595290279388427734e+01
6.540364980697631836e+00
6.091235399246215820e+00
7.169265985488891602e+00
3.652580499649047852e+00
6.444939374923706055e+00
6.075104236602783203e+00
3.355103492736816406e+00
5.285786867141723633e+00
9.511153459548950195e+00
4.542965173721313477e+00
2.885268926620483398e+00
7.389677524566650391e+00
5.847833871841430664e+00
5.947363138198852539e+00
7.450395345687866211e+00
2.929899001121520996e+01
2.331994199752807617e+01
2.018717956542968750e+01
7.944736480712890625e+00
1.081398415565490723e+01
2.334224534034729004e+01
3.429340195655822754e+01
5.925589394569396973e+01
5.923345398902893066e+01
1.651871323585510254e+01
9.555450916290283203e+00
8.404813766479492188e+00
2.523940086364746094e+00
6.304516553878784180e+00
7.847034215927124023e+00
4.384388923645019531e+00
3.368976593017578125e+00
6.733071327209472656e+00
1.155233263969421387e+01
2.752482652664184570e+00
9.699912071228027344e+00
5.649767160415649414e+00
6.832007169723510742e+00
4.790336132049560547e+00
4.470354318618774414e+00
6.915336132049560547e+00
5.640097141265869141e+00
8.172557115554809570e+00
3.623259305953979492e+00
8.786113977432250977e+00
1.006287527084350586e+01
4.911628007888793945e+00
7.734032869338989258e+00
1.529048180580139160e+01
1.075782871246337891e+01
1.774013590812683105e+01
1.973838925361633301e+01
1.022530865669250488e+01
1.436398768424987793e+01
1.025735116004943848e+01
9.530256986618041992e+00
2.864635467529296875e+00
1.104216074943542480e+01
7.214074134826660156e+00
4.021976470947265625e+00
4.255895137786865234e+00
9.343350410461425781e+00
4.145457267761230469e+00
2.749667167663574219e+00
7.648806810379028320e+00
1.655256438255310059e+01
1.145340442657470703e+01
7.482268571853637695e+00
5.223143815994262695e+00
5.621188402175903320e+00
7.087460517883300781e+00
4.564093351364135742e+00
1.621697568893432617e+01
5.733791112899780273e+00
3.653959512710571289e+00
1.248140764236450195e+01
1.081183743476867676e+01
1.001750326156616211e+01
1.133457064628601074e+01
6.977622509002685547e+00
3.355104923248291016e+00
8.013407468795776367e+00
7.494739294052124023e+00
1.310707521438598633e+01
1.212858319282531738e+01
5.006697654724121094e+00
7.083824157714843750e+00
1.617861986160278320e+00
5.613772153854370117e+00
1.013903236389160156e+01
5.622653007507324219e+00
9.762569904327392578e+00
3.604937791824340820e+00
1.009125924110412598e+01
9.006138086318969727e+00
3.638331413269042969e+00
3.778340101242065430e+00
4.172200441360473633e+00
3.933681488037109375e+00
4.734759807586669922e+00
9.130437135696411133e+00
3.678035259246826172e+00
1.004381132125854492e+01
1.072388482093811035e+01
5.035355329513549805e+00
6.733820438385009766e+00
4.336102247238159180e+00
4.867592334747314453e+00
1.254820346832275391e+00
1.050852847099304199e+01
6.982764959335327148e+00
2.430503845214843750e+00
6.605531930923461914e+00
1.189309453964233398e+01
7.083670139312744141e+00
6.079810857772827148e+00
6.188322067260742188e+00
4.119623661041259766e+00
6.017970561981201172e+00
8.955265283584594727e+00
1.146397590637207031e+00
5.548355817794799805e+00
3.037032127380371094e+00
1.105941748619079590e+01
1.497178459167480469e+01
2.237013339996337891e+00
5.416710138320922852e+00
7.942031145095825195e+00
8.155348062515258789e+00
4.374278306961059570e+00
1.382205033302307129e+01
8.653829097747802734e+00
4.766677379608154297e+00
7.001217365264892578e+00
8.381558895111083984e+00
7.219347476959228516e+00
3.768625020980834961e+00
5.536202430725097656e+00
6.063096523284912109e+00
5.120201826095581055e+00
7.898507356643676758e+00
9.679618835449218750e+00
3.958913087844848633e+00
3.628026962280273438e+00
1.005524563789367676e+01
6.752601385116577148e+00
1.206620693206787109e+00
1.144819808006286621e+01
7.190448999404907227e+00
9.413642883300781250e+00
1.433915567398071289e+01
1.667366027832031250e+00
4.888941287994384766e+00
6.609413385391235352e+00
8.244259834289550781e+00
1.031278300285339355e+01
3.699270963668823242e+00
6.846166133880615234e+00
7.243948221206665039e+00
7.002905130386352539e+00
3.660162687301635742e+00
7.083694219589233398e+00
4.631361007690429688e+00
4.616985082626342773e+00
1.098036980628967285e+01
4.344111680984497070e+00
2.584442782402038574e+01
7.735191583633422852e+00
6.015113353729248047e+00
9.040790319442749023e+00
8.688442468643188477e+00
1.044965529441833496e+01
9.258988857269287109e+00
1.264485216140747070e+01
1.028199172019958496e+01
1.695491337776184082e+01
4.898237705230712891e+00
8.408634185791015625e+00
1.423524522781372070e+01
1.253551745414733887e+01
1.394125986099243164e+01
8.502522706985473633e+00
6.973697900772094727e+00
5.438244366645812988e+01
5.985985755920410156e+00
7.034687519073486328e+00
1.675336170196533203e+01
1.218862318992614746e+01
9.079058647155761719e+00
8.553814172744750977e+00
6.272696971893310547e+00
7.629512548446655273e+00
8.707393646240234375e+00
6.629238605499267578e+00
3.078001976013183594e+00
1.797502660751342773e+01
1.308459687232971191e+01
2.086639618873596191e+01
2.085599398612976074e+01
1.422297906875610352e+01
1.526551461219787598e+01
5.475532531738281250e+00
1.466810464859008789e+01
3.941258668899536133e+00
1.074478602409362793e+01
8.087754011154174805e+00
1.226513767242431641e+01
9.107030630111694336e+00
8.118833065032958984e+00
6.425395727157592773e+00
2.410162019729614258e+01
1.150727820396423340e+01
5.898912191390991211e+00
1.104816389083862305e+01
2.545063257217407227e+00
5.989341974258422852e+00
8.494763374328613281e+00
5.752409219741821289e+00
2.792548656463623047e+00
6.574415922164916992e+00
1.315498566627502441e+01
4.760890960693359375e+00
4.773687124252319336e+00
3.691437482833862305e+00
2.770179271697998047e+00
8.441880226135253906e+00
2.378489136695861816e+01
1.333047771453857422e+01
2.577955389022827148e+01
1.139126181602478027e+01
5.036262750625610352e+00
8.471201896667480469e+00
1.342100262641906738e+01
8.428280830383300781e+00
2.035506606101989746e+01
1.770570874214172363e+01
2.258151102066040039e+01
5.272360944747924805e+01
1.401426219940185547e+01
1.032552480697631836e+01
1.863982534408569336e+01
8.999712228775024414e+00
1.334051895141601562e+01
1.095029711723327637e+01
1.252611947059631348e+01
7.775431394577026367e+00
1.766099476814270020e+01
1.523334455490112305e+01
1.834616947174072266e+01
6.361695766448974609e+00
5.910894799232482910e+01
1.565832161903381348e+01
4.009360289573669434e+01
2.364092040061950684e+01
1.342612075805664062e+01
7.546479225158691406e+00
7.427733659744262695e+00
4.890526533126831055e+00
6.336962223052978516e+00
1.608628797531127930e+01
7.678298950195312500e+00
1.204092240333557129e+01
1.004985618591308594e+01
9.838384389877319336e+00
7.071256399154663086e+00
7.966590642929077148e+00
1.148213744163513184e+01
1.102648138999938965e+01
6.165930271148681641e+00
1.582646584510803223e+01
1.614194583892822266e+01
5.324465990066528320e+00
7.641230106353759766e+00
1.070996809005737305e+01
3.914568185806274414e+00
1.642421245574951172e+01
5.678531408309936523e+00
1.555183887481689453e+01
1.342765593528747559e+01
8.732572317123413086e+00
2.680227398872375488e+01
1.277191877365112305e+01
4.495354890823364258e+00
1.184420728683471680e+01
2.966237163543701172e+01
9.648718118667602539e+00
1.074009585380554199e+01
1.456911158561706543e+01
1.016268777847290039e+01
6.516571044921875000e+00
7.232994556427001953e+00
6.360863208770751953e+00
8.712313890457153320e+00
1.002108716964721680e+01
5.246133565902709961e+00
1.050496339797973633e+01
7.885017156600952148e+00
4.131985664367675781e+00
5.991228818893432617e+00
4.327037572860717773e+00
1.381316113471984863e+01
4.794394969940185547e+00
1.519543647766113281e+00
1.334957909584045410e+01
4.820796251296997070e+00
9.680969715118408203e+00
2.435435771942138672e+00
3.580437183380126953e+00
4.189118623733520508e+00
8.791836500167846680e+00
4.094822883605957031e+00
3.038802146911621094e+00
6.067113637924194336e+00
5.823994398117065430e+00
1.027415299415588379e+01
6.009538650512695312e+00
1.269684386253356934e+01
1.000417518615722656e+01
7.300354242324829102e+00
8.883305788040161133e+00
8.218709230422973633e+00
1.498274803161621094e+01
5.420894336700439453e+01
4.953896760940551758e+00
4.820618867874145508e+00
1.895576715469360352e+00
7.013778924942016602e+00
3.578496694564819336e+00
9.702521085739135742e+00
3.411592721939086914e+00
9.627348423004150391e+00
1.234456419944763184e+01
7.040554046630859375e+00
6.763618946075439453e+00
6.850245237350463867e+00
6.054948568344116211e+00
1.422400164604187012e+01
5.580102205276489258e+00
5.079483747482299805e+00
1.070217037200927734e+01
1.215073394775390625e+01
6.241297006607055664e+00
8.714457750320434570e+00
3.747268438339233398e+00
8.840204954147338867e+00
4.746604204177856445e+00
9.065088033676147461e+00
1.776510906219482422e+01
6.941720008850097656e+00
6.897598028182983398e+00
1.045474123954772949e+01
5.549905300140380859e+00
1.162352919578552246e+01
4.024876594543457031e+00
3.670660972595214844e+00
