4.192000000000000000e+03
2.183000000000000000e+03
4.558000000000000000e+03
1.621000000000000000e+03
4.512000000000000000e+03
7.837000000000000000e+03
2.712000000000000000e+03
5.584000000000000000e+03
3.244000000000000000e+03
4.748000000000000000e+03
3.274000000000000000e+03
3.172000000000000000e+03
5.132000000000000000e+03
3.025000000000000000e+03
2.268000000000000000e+03
7.348000000000000000e+03
7.243000000000000000e+03
4.490000000000000000e+03
7.186000000000000000e+03
5.727000000000000000e+03
7.351000000000000000e+03
2.857000000000000000e+03
1.454000000000000000e+03
2.896000000000000000e+03
2.301000000000000000e+03
5.261000000000000000e+03
6.590000000000000000e+02
1.365000000000000000e+03
1.574000000000000000e+03
1.370000000000000000e+03
8.603000000000000000e+03
2.214000000000000000e+03
3.083000000000000000e+03
8.343000000000000000e+03
4.754000000000000000e+03
1.356000000000000000e+03
2.952000000000000000e+03
1.017000000000000000e+03
5.038000000000000000e+03
2.101000000000000000e+03
3.951000000000000000e+03
1.478000000000000000e+03
5.979000000000000000e+03
2.520000000000000000e+03
2.463000000000000000e+03
2.356000000000000000e+03
6.305000000000000000e+03
2.062000000000000000e+03
9.590000000000000000e+02
5.629000000000000000e+03
4.166000000000000000e+03
5.564000000000000000e+03
3.159000000000000000e+03
7.592000000000000000e+03
7.434000000000000000e+03
6.096000000000000000e+03
6.664000000000000000e+03
7.146000000000000000e+03
4.048000000000000000e+03
2.079000000000000000e+03
1.047000000000000000e+03
8.880000000000000000e+02
1.466000000000000000e+03
4.481000000000000000e+03
2.565000000000000000e+03
4.666000000000000000e+03
4.311000000000000000e+03
4.734000000000000000e+03
7.560000000000000000e+02
3.085000000000000000e+03
4.140000000000000000e+03
2.683000000000000000e+03
3.465000000000000000e+03
7.831000000000000000e+03
1.268000000000000000e+03
2.772000000000000000e+03
3.374000000000000000e+03
4.990000000000000000e+03
2.477000000000000000e+03
3.459000000000000000e+03
4.799000000000000000e+03
4.654000000000000000e+03
1.742000000000000000e+03
1.923000000000000000e+03
4.413000000000000000e+03
4.586000000000000000e+03
2.650000000000000000e+03
4.706000000000000000e+03
4.733000000000000000e+03
1.855000000000000000e+03
4.213000000000000000e+03
2.266000000000000000e+03
4.553000000000000000e+03
1.767000000000000000e+03
1.394000000000000000e+03
1.559000000000000000e+03
2.226000000000000000e+03
4.620000000000000000e+03
2.851000000000000000e+03
2.198000000000000000e+03
1.600000000000000000e+03
4.018000000000000000e+03
7.010000000000000000e+02
2.064000000000000000e+03
5.972000000000000000e+03
4.663000000000000000e+03
3.090000000000000000e+03
3.660000000000000000e+03
4.363000000000000000e+03
2.433000000000000000e+03
4.641000000000000000e+03
1.460000000000000000e+03
1.506000000000000000e+03
1.974000000000000000e+03
2.482000000000000000e+03
4.007000000000000000e+03
3.068000000000000000e+03
1.691000000000000000e+03
3.361000000000000000e+03
2.609000000000000000e+03
1.021000000000000000e+03
1.200000000000000000e+03
1.767000000000000000e+03
7.180000000000000000e+02
1.214000000000000000e+03
1.294000000000000000e+03
6.250000000000000000e+02
1.069000000000000000e+03
3.630000000000000000e+02
1.302000000000000000e+03
1.530000000000000000e+03
1.092000000000000000e+03
1.492000000000000000e+03
3.760000000000000000e+02
1.609000000000000000e+03
1.368000000000000000e+03
2.194000000000000000e+03
2.163000000000000000e+03
1.735000000000000000e+03
7.640000000000000000e+02
2.368000000000000000e+03
4.637000000000000000e+03
3.258000000000000000e+03
1.300000000000000000e+03
2.711000000000000000e+03
3.065000000000000000e+03
1.267000000000000000e+03
8.580000000000000000e+02
2.103000000000000000e+03
1.108000000000000000e+03
1.700000000000000000e+03
7.850000000000000000e+03
7.914000000000000000e+03
4.852000000000000000e+03
1.450000000000000000e+03
3.235000000000000000e+03
1.574000000000000000e+03
1.215000000000000000e+03
5.372000000000000000e+03
2.354000000000000000e+03
2.951000000000000000e+03
1.368000000000000000e+03
1.068000000000000000e+03
2.830000000000000000e+03
2.664000000000000000e+03
1.286000000000000000e+03
2.242000000000000000e+03
1.317000000000000000e+03
3.056000000000000000e+03
3.312000000000000000e+03
1.341000000000000000e+03
2.682000000000000000e+03
1.183000000000000000e+03
1.033000000000000000e+03
1.638000000000000000e+03
1.320000000000000000e+03
2.292000000000000000e+03
6.780000000000000000e+02
1.579000000000000000e+03
1.813000000000000000e+03
9.760000000000000000e+02
1.792000000000000000e+03
4.044000000000000000e+03
3.323000000000000000e+03
1.653000000000000000e+03
1.729000000000000000e+03
3.591000000000000000e+03
1.046000000000000000e+03
1.889000000000000000e+03
2.407000000000000000e+03
2.402000000000000000e+03
1.337000000000000000e+03
1.475000000000000000e+03
4.923000000000000000e+03
3.149000000000000000e+03
2.781000000000000000e+03
2.448000000000000000e+03
1.770000000000000000e+03
1.195000000000000000e+03
3.012000000000000000e+03
1.086000000000000000e+03
5.830000000000000000e+02
1.044000000000000000e+03
6.420000000000000000e+02
1.711000000000000000e+03
1.198000000000000000e+03
5.280000000000000000e+02
1.118000000000000000e+03
1.006000000000000000e+03
1.465000000000000000e+03
3.839000000000000000e+03
4.078000000000000000e+03
1.872000000000000000e+03
4.796000000000000000e+03
2.326000000000000000e+03
2.703000000000000000e+03
1.865000000000000000e+03
4.966000000000000000e+03
2.409000000000000000e+03
4.490000000000000000e+03
9.470000000000000000e+02
6.680000000000000000e+02
1.283000000000000000e+03
1.227000000000000000e+03
1.022000000000000000e+03
2.421000000000000000e+03
2.626000000000000000e+03
1.275000000000000000e+03
2.105000000000000000e+03
1.958000000000000000e+03
7.020000000000000000e+02
7.560000000000000000e+02
2.036000000000000000e+03
3.860000000000000000e+02
5.480000000000000000e+02
1.030000000000000000e+03
6.710000000000000000e+02
1.077000000000000000e+03
1.146000000000000000e+03
5.040000000000000000e+02
1.145000000000000000e+03
2.656000000000000000e+03
1.314000000000000000e+03
2.536000000000000000e+03
1.272000000000000000e+03
4.905000000000000000e+03
8.680000000000000000e+02
1.234000000000000000e+03
3.607000000000000000e+03
3.907000000000000000e+03
1.656000000000000000e+03
2.067000000000000000e+03
8.680000000000000000e+02
1.095000000000000000e+03
1.628000000000000000e+03
1.412000000000000000e+03
8.740000000000000000e+02
6.990000000000000000e+02
1.080000000000000000e+03
1.949000000000000000e+03
7.160000000000000000e+02
8.230000000000000000e+02
7.700000000000000000e+02
6.110000000000000000e+02
3.380000000000000000e+02
1.420000000000000000e+03
9.860000000000000000e+02
4.960000000000000000e+02
1.617000000000000000e+03
1.155000000000000000e+03
7.420000000000000000e+02
1.009000000000000000e+03
6.710000000000000000e+02
1.142000000000000000e+03
1.077000000000000000e+03
1.039000000000000000e+03
1.267000000000000000e+03
1.633000000000000000e+03
7.320000000000000000e+02
1.673000000000000000e+03
9.670000000000000000e+02
1.839000000000000000e+03
1.768000000000000000e+03
2.127000000000000000e+03
2.241000000000000000e+03
4.739000000000000000e+03
1.492000000000000000e+03
2.436000000000000000e+03
1.696000000000000000e+03
3.891000000000000000e+03
2.349000000000000000e+03
2.858000000000000000e+03
3.516000000000000000e+03
9.480000000000000000e+02
7.550000000000000000e+02
8.940000000000000000e+02
1.800000000000000000e+03
1.356000000000000000e+03
8.260000000000000000e+02
2.862000000000000000e+03
1.200000000000000000e+03
7.660000000000000000e+02
4.450000000000000000e+02
8.620000000000000000e+02
1.112000000000000000e+03
5.700000000000000000e+02
5.120000000000000000e+02
1.014000000000000000e+03
1.311000000000000000e+03
8.210000000000000000e+02
9.520000000000000000e+02
4.530000000000000000e+02
2.470000000000000000e+02
1.005000000000000000e+03
5.280000000000000000e+02
8.770000000000000000e+02
1.160000000000000000e+03
7.640000000000000000e+02
1.149000000000000000e+03
7.850000000000000000e+02
4.983000000000000000e+03
3.044000000000000000e+03
2.866000000000000000e+03
5.053000000000000000e+03
3.293000000000000000e+03
2.123000000000000000e+03
1.142000000000000000e+03
5.053000000000000000e+03
5.024000000000000000e+03
4.865000000000000000e+03
1.019000000000000000e+03
1.105000000000000000e+03
1.082000000000000000e+03
8.260000000000000000e+02
1.013000000000000000e+03
4.140000000000000000e+02
1.061000000000000000e+03
9.540000000000000000e+02
9.960000000000000000e+02
7.840000000000000000e+02
2.786000000000000000e+03
4.919000000000000000e+03
1.805000000000000000e+03
6.540000000000000000e+02
1.519000000000000000e+03
5.068000000000000000e+03
2.557000000000000000e+03
5.375000000000000000e+03
6.850000000000000000e+02
7.470000000000000000e+02
3.870000000000000000e+02
1.778000000000000000e+03
9.400000000000000000e+02
1.160000000000000000e+03
1.887000000000000000e+03
1.665000000000000000e+03
1.745000000000000000e+03
6.810000000000000000e+02
1.094000000000000000e+03
1.207000000000000000e+03
2.680000000000000000e+02
1.310000000000000000e+03
8.680000000000000000e+02
9.160000000000000000e+02
3.630000000000000000e+02
1.095000000000000000e+03
1.192000000000000000e+03
1.682000000000000000e+03
1.191000000000000000e+03
5.190000000000000000e+02
4.030000000000000000e+02
1.287000000000000000e+03
1.378000000000000000e+03
1.020000000000000000e+03
4.910000000000000000e+02
4.370000000000000000e+02
7.210000000000000000e+02
8.280000000000000000e+02
7.210000000000000000e+02
1.196000000000000000e+03
1.126000000000000000e+03
1.680000000000000000e+03
1.069000000000000000e+03
1.198000000000000000e+03
9.520000000000000000e+02
8.310000000000000000e+02
8.240000000000000000e+02
1.226000000000000000e+03
7.780000000000000000e+02
1.060000000000000000e+03
1.653000000000000000e+03
1.220000000000000000e+03
2.245000000000000000e+03
1.677000000000000000e+03
4.800000000000000000e+02
2.680000000000000000e+03
7.660000000000000000e+02
1.164000000000000000e+03
6.340000000000000000e+02
1.019000000000000000e+03
7.630000000000000000e+02
1.546000000000000000e+03
5.050000000000000000e+02
8.060000000000000000e+02
6.100000000000000000e+02
7.810000000000000000e+02
1.550000000000000000e+03
6.120000000000000000e+02
3.920000000000000000e+02
1.825000000000000000e+03
1.818000000000000000e+03
1.178000000000000000e+03
1.199000000000000000e+03
2.326000000000000000e+03
2.141000000000000000e+03
1.850000000000000000e+03
1.676000000000000000e+03
9.400000000000000000e+02
8.100000000000000000e+02
2.719000000000000000e+03
5.700000000000000000e+02
4.710000000000000000e+02
7.410000000000000000e+02
4.510000000000000000e+02
7.830000000000000000e+02
6.440000000000000000e+02
1.259000000000000000e+03
1.091000000000000000e+03
1.241000000000000000e+03
1.766000000000000000e+03
1.685000000000000000e+03
1.301000000000000000e+03
1.921000000000000000e+03
1.099000000000000000e+03
3.575000000000000000e+03
1.725000000000000000e+03
1.858000000000000000e+03
2.765000000000000000e+03
2.205000000000000000e+03
2.532000000000000000e+03
1.137000000000000000e+03
5.810000000000000000e+02
2.914000000000000000e+03
4.178000000000000000e+03
1.325000000000000000e+03
1.591000000000000000e+03
2.342000000000000000e+03
7.540000000000000000e+02
1.121000000000000000e+03
2.021000000000000000e+03
1.947000000000000000e+03
2.171000000000000000e+03
2.666000000000000000e+03
3.326000000000000000e+03
2.494000000000000000e+03
2.311000000000000000e+03
2.330000000000000000e+03
4.828000000000000000e+03
2.297000000000000000e+03
1.980000000000000000e+03
4.170000000000000000e+02
1.340000000000000000e+03
5.420000000000000000e+02
8.450000000000000000e+02
7.120000000000000000e+02
8.490000000000000000e+02
9.300000000000000000e+02
4.240000000000000000e+02
8.810000000000000000e+02
1.779000000000000000e+03
5.350000000000000000e+02
1.151000000000000000e+03
1.424000000000000000e+03
7.510000000000000000e+02
4.540000000000000000e+02
9.710000000000000000e+02
7.170000000000000000e+02
8.610000000000000000e+02
8.210000000000000000e+02
1.009000000000000000e+03
2.004000000000000000e+03
1.252000000000000000e+03
1.532000000000000000e+03
9.980000000000000000e+02
9.460000000000000000e+02
1.409000000000000000e+03
6.930000000000000000e+02
1.018000000000000000e+03
7.210000000000000000e+02
6.640000000000000000e+02
1.011000000000000000e+03
1.645000000000000000e+03
1.044000000000000000e+03
3.610000000000000000e+02
1.203000000000000000e+03
6.630000000000000000e+02
8.320000000000000000e+02
4.700000000000000000e+02
1.117000000000000000e+03
6.190000000000000000e+02
1.483000000000000000e+03
1.854000000000000000e+03
1.152000000000000000e+03
1.543000000000000000e+03
7.070000000000000000e+02
1.505000000000000000e+03
1.280000000000000000e+03
1.877000000000000000e+03
7.260000000000000000e+02
3.413000000000000000e+03
8.520000000000000000e+02
1.609000000000000000e+03
1.140000000000000000e+03
1.175000000000000000e+03
1.056000000000000000e+03
1.795000000000000000e+03
1.140000000000000000e+03
1.840000000000000000e+03
1.106000000000000000e+03
1.054000000000000000e+03
1.130000000000000000e+03
8.310000000000000000e+02
6.210000000000000000e+02
8.180000000000000000e+02
1.366000000000000000e+03
5.270000000000000000e+02
5.880000000000000000e+02
1.207000000000000000e+03
3.500000000000000000e+02
8.080000000000000000e+02
2.291000000000000000e+03
8.050000000000000000e+02
1.620000000000000000e+03
7.520000000000000000e+02
8.930000000000000000e+02
3.883000000000000000e+03
1.227000000000000000e+03
1.577000000000000000e+03
9.010000000000000000e+02
2.575000000000000000e+03
1.195000000000000000e+03
1.598000000000000000e+03
3.235000000000000000e+03
3.564000000000000000e+03
2.418000000000000000e+03
2.968000000000000000e+03
2.237000000000000000e+03
7.520000000000000000e+02
5.045000000000000000e+03
1.577000000000000000e+03
1.618000000000000000e+03
8.420000000000000000e+02
1.056000000000000000e+03
9.010000000000000000e+02
2.346000000000000000e+03
6.360000000000000000e+02
1.168000000000000000e+03
7.140000000000000000e+02
2.067000000000000000e+03
1.318000000000000000e+03
2.664000000000000000e+03
8.550000000000000000e+02
2.109000000000000000e+03
6.300000000000000000e+02
1.052000000000000000e+03
1.332000000000000000e+03
7.400000000000000000e+02
1.593000000000000000e+03
9.550000000000000000e+02
7.360000000000000000e+02
3.030000000000000000e+02
7.880000000000000000e+02
7.690000000000000000e+02
7.400000000000000000e+02
1.372000000000000000e+03
7.160000000000000000e+02
1.029000000000000000e+03
1.379000000000000000e+03
4.930000000000000000e+02
1.191000000000000000e+03
1.179000000000000000e+03
5.410000000000000000e+02
1.071000000000000000e+03
7.530000000000000000e+02
2.017000000000000000e+03
5.200000000000000000e+02
4.160000000000000000e+02
9.460000000000000000e+02
8.700000000000000000e+02
1.236000000000000000e+03
5.062000000000000000e+03
2.949000000000000000e+03
1.326000000000000000e+03
1.372000000000000000e+03
4.408000000000000000e+03
4.921000000000000000e+03
4.581000000000000000e+03
4.759000000000000000e+03
4.653000000000000000e+03
1.756000000000000000e+03
4.160000000000000000e+03
9.680000000000000000e+02
2.668000000000000000e+03
2.154000000000000000e+03
1.769000000000000000e+03
6.419000000000000000e+03
2.801000000000000000e+03
1.924000000000000000e+03
6.595000000000000000e+03
3.475000000000000000e+03
8.200000000000000000e+02
1.024000000000000000e+03
7.600000000000000000e+02
2.820000000000000000e+02
7.160000000000000000e+02
6.290000000000000000e+02
1.156000000000000000e+03
4.170000000000000000e+02
7.840000000000000000e+02
3.840000000000000000e+02
8.020000000000000000e+02
1.531000000000000000e+03
6.930000000000000000e+02
1.149000000000000000e+03
9.530000000000000000e+02
9.620000000000000000e+02
1.342000000000000000e+03
8.990000000000000000e+02
1.327000000000000000e+03
1.022000000000000000e+03
8.400000000000000000e+02
1.323000000000000000e+03
2.223000000000000000e+03
1.696000000000000000e+03
1.209000000000000000e+03
9.930000000000000000e+02
1.614000000000000000e+03
1.240000000000000000e+03
2.082000000000000000e+03
1.768000000000000000e+03
4.930000000000000000e+02
5.120000000000000000e+02
4.130000000000000000e+02
1.363000000000000000e+03
1.891000000000000000e+03
8.550000000000000000e+02
8.200000000000000000e+02
9.120000000000000000e+02
5.250000000000000000e+02
8.480000000000000000e+02
8.220000000000000000e+02
5.060000000000000000e+02
7.410000000000000000e+02
1.258000000000000000e+03
6.440000000000000000e+02
4.580000000000000000e+02
1.001000000000000000e+03
8.260000000000000000e+02
8.520000000000000000e+02
9.800000000000000000e+02
2.807000000000000000e+03
2.363000000000000000e+03
1.992000000000000000e+03
8.860000000000000000e+02
1.117000000000000000e+03
2.224000000000000000e+03
3.124000000000000000e+03
4.807000000000000000e+03
4.846000000000000000e+03
1.676000000000000000e+03
1.121000000000000000e+03
1.098000000000000000e+03
4.040000000000000000e+02
8.130000000000000000e+02
9.670000000000000000e+02
5.960000000000000000e+02
4.640000000000000000e+02
8.230000000000000000e+02
1.431000000000000000e+03
4.300000000000000000e+02
1.205000000000000000e+03
7.590000000000000000e+02
8.440000000000000000e+02
6.370000000000000000e+02
5.580000000000000000e+02
9.030000000000000000e+02
7.580000000000000000e+02
1.061000000000000000e+03
5.420000000000000000e+02
1.102000000000000000e+03
1.265000000000000000e+03
6.540000000000000000e+02
1.032000000000000000e+03
1.742000000000000000e+03
1.308000000000000000e+03
2.065000000000000000e+03
2.249000000000000000e+03
1.363000000000000000e+03
1.736000000000000000e+03
1.293000000000000000e+03
1.182000000000000000e+03
4.430000000000000000e+02
1.336000000000000000e+03
9.300000000000000000e+02
5.780000000000000000e+02
6.180000000000000000e+02
1.156000000000000000e+03
5.420000000000000000e+02
4.200000000000000000e+02
1.017000000000000000e+03
1.817000000000000000e+03
1.261000000000000000e+03
9.630000000000000000e+02
6.510000000000000000e+02
7.030000000000000000e+02
9.090000000000000000e+02
6.020000000000000000e+02
1.904000000000000000e+03
7.900000000000000000e+02
5.230000000000000000e+02
1.404000000000000000e+03
1.106000000000000000e+03
1.016000000000000000e+03
1.151000000000000000e+03
8.120000000000000000e+02
4.410000000000000000e+02
8.640000000000000000e+02
8.340000000000000000e+02
1.268000000000000000e+03
1.346000000000000000e+03
6.700000000000000000e+02
7.580000000000000000e+02
2.850000000000000000e+02
6.910000000000000000e+02
1.081000000000000000e+03
6.760000000000000000e+02
1.018000000000000000e+03
4.940000000000000000e+02
1.050000000000000000e+03
9.470000000000000000e+02
5.350000000000000000e+02
4.920000000000000000e+02
5.750000000000000000e+02
5.390000000000000000e+02
6.600000000000000000e+02
1.087000000000000000e+03
5.020000000000000000e+02
1.261000000000000000e+03
1.339000000000000000e+03
6.930000000000000000e+02
8.200000000000000000e+02
5.530000000000000000e+02
5.990000000000000000e+02
2.090000000000000000e+02
1.062000000000000000e+03
7.890000000000000000e+02
3.320000000000000000e+02
7.230000000000000000e+02
1.250000000000000000e+03
7.910000000000000000e+02
8.400000000000000000e+02
8.350000000000000000e+02
5.590000000000000000e+02
7.680000000000000000e+02
1.147000000000000000e+03
2.200000000000000000e+02
7.520000000000000000e+02
4.470000000000000000e+02
1.375000000000000000e+03
1.826000000000000000e+03
3.530000000000000000e+02
6.900000000000000000e+02
1.002000000000000000e+03
1.071000000000000000e+03
6.430000000000000000e+02
1.585000000000000000e+03
1.037000000000000000e+03
6.260000000000000000e+02
9.530000000000000000e+02
1.041000000000000000e+03
9.660000000000000000e+02
5.370000000000000000e+02
7.510000000000000000e+02
8.280000000000000000e+02
7.230000000000000000e+02
1.047000000000000000e+03
1.236000000000000000e+03
5.730000000000000000e+02
5.160000000000000000e+02
1.306000000000000000e+03
7.220000000000000000e+02
2.280000000000000000e+02
1.297000000000000000e+03
8.210000000000000000e+02
1.102000000000000000e+03
1.425000000000000000e+03
2.720000000000000000e+02
5.560000000000000000e+02
7.240000000000000000e+02
9.410000000000000000e+02
1.042000000000000000e+03
4.740000000000000000e+02
7.490000000000000000e+02
7.740000000000000000e+02
7.980000000000000000e+02
4.550000000000000000e+02
8.410000000000000000e+02
5.570000000000000000e+02
5.510000000000000000e+02
1.193000000000000000e+03
5.870000000000000000e+02
2.544000000000000000e+03
9.720000000000000000e+02
8.020000000000000000e+02
1.119000000000000000e+03
1.059000000000000000e+03
1.211000000000000000e+03
1.104000000000000000e+03
1.440000000000000000e+03
1.222000000000000000e+03
1.809000000000000000e+03
6.990000000000000000e+02
1.049000000000000000e+03
1.633000000000000000e+03
1.548000000000000000e+03
1.665000000000000000e+03
1.060000000000000000e+03
9.160000000000000000e+02
5.183000000000000000e+03
7.550000000000000000e+02
8.050000000000000000e+02
1.757000000000000000e+03
1.263000000000000000e+03
1.078000000000000000e+03
8.990000000000000000e+02
7.540000000000000000e+02
8.040000000000000000e+02
9.120000000000000000e+02
6.650000000000000000e+02
3.980000000000000000e+02
2.141000000000000000e+03
1.558000000000000000e+03
2.151000000000000000e+03
2.230000000000000000e+03
1.635000000000000000e+03
1.742000000000000000e+03
7.320000000000000000e+02
1.710000000000000000e+03
5.690000000000000000e+02
1.337000000000000000e+03
9.860000000000000000e+02
1.398000000000000000e+03
9.820000000000000000e+02
9.680000000000000000e+02
8.030000000000000000e+02
2.450000000000000000e+03
1.234000000000000000e+03
7.520000000000000000e+02
1.231000000000000000e+03
3.740000000000000000e+02
7.570000000000000000e+02
1.050000000000000000e+03
6.740000000000000000e+02
3.930000000000000000e+02
8.530000000000000000e+02
1.553000000000000000e+03
6.260000000000000000e+02
6.380000000000000000e+02
4.830000000000000000e+02
4.130000000000000000e+02
9.120000000000000000e+02
2.302000000000000000e+03
1.472000000000000000e+03
2.416000000000000000e+03
1.254000000000000000e+03
5.560000000000000000e+02
9.080000000000000000e+02
1.513000000000000000e+03
8.690000000000000000e+02
1.992000000000000000e+03
1.806000000000000000e+03
2.175000000000000000e+03
4.903000000000000000e+03
1.556000000000000000e+03
1.052000000000000000e+03
2.049000000000000000e+03
1.047000000000000000e+03
1.506000000000000000e+03
1.237000000000000000e+03
1.331000000000000000e+03
9.040000000000000000e+02
1.661000000000000000e+03
1.565000000000000000e+03
1.745000000000000000e+03
7.830000000000000000e+02
4.681000000000000000e+03
1.420000000000000000e+03
3.514000000000000000e+03
2.294000000000000000e+03
1.327000000000000000e+03
8.660000000000000000e+02
8.610000000000000000e+02
5.720000000000000000e+02
7.080000000000000000e+02
1.839000000000000000e+03
9.450000000000000000e+02
1.327000000000000000e+03
1.233000000000000000e+03
1.105000000000000000e+03
7.550000000000000000e+02
9.570000000000000000e+02
1.279000000000000000e+03
1.278000000000000000e+03
7.640000000000000000e+02
1.720000000000000000e+03
1.723000000000000000e+03
6.870000000000000000e+02
9.190000000000000000e+02
1.280000000000000000e+03
5.270000000000000000e+02
1.816000000000000000e+03
7.430000000000000000e+02
1.846000000000000000e+03
1.549000000000000000e+03
1.107000000000000000e+03
2.788000000000000000e+03
1.415000000000000000e+03
6.160000000000000000e+02
1.455000000000000000e+03
2.948000000000000000e+03
1.177000000000000000e+03
1.340000000000000000e+03
1.763000000000000000e+03
1.238000000000000000e+03
8.470000000000000000e+02
8.950000000000000000e+02
7.610000000000000000e+02
1.170000000000000000e+03
1.279000000000000000e+03
7.090000000000000000e+02
1.200000000000000000e+03
9.000000000000000000e+02
5.100000000000000000e+02
6.960000000000000000e+02
5.040000000000000000e+02
1.556000000000000000e+03
5.850000000000000000e+02
2.710000000000000000e+02
1.378000000000000000e+03
5.650000000000000000e+02
1.200000000000000000e+03
3.710000000000000000e+02
4.970000000000000000e+02
5.890000000000000000e+02
1.163000000000000000e+03
5.900000000000000000e+02
4.690000000000000000e+02
7.710000000000000000e+02
7.460000000000000000e+02
1.174000000000000000e+03
8.160000000000000000e+02
1.557000000000000000e+03
1.142000000000000000e+03
9.320000000000000000e+02
1.057000000000000000e+03
9.180000000000000000e+02
1.711000000000000000e+03
5.002000000000000000e+03
6.530000000000000000e+02
6.470000000000000000e+02
3.670000000000000000e+02
8.840000000000000000e+02
5.140000000000000000e+02
1.215000000000000000e+03
5.220000000000000000e+02
1.158000000000000000e+03
1.549000000000000000e+03
9.270000000000000000e+02
9.120000000000000000e+02
9.010000000000000000e+02
6.810000000000000000e+02
1.505000000000000000e+03
6.780000000000000000e+02
6.120000000000000000e+02
1.203000000000000000e+03
1.333000000000000000e+03
6.560000000000000000e+02
9.900000000000000000e+02
4.070000000000000000e+02
1.114000000000000000e+03
6.270000000000000000e+02
1.093000000000000000e+03
1.980000000000000000e+03
8.820000000000000000e+02
8.660000000000000000e+02
1.314000000000000000e+03
7.330000000000000000e+02
1.401000000000000000e+03
5.740000000000000000e+02
5.430000000000000000e+02
