1.663787722587585449e+01
1.868326520919799805e+01
3.182570362091064453e+01
1.757150483131408691e+01
1.869002890586853027e+01
2.250549983978271484e+01
2.997118115425109863e+01
1.565479063987731934e+01
1.810260057449340820e+01
6.728564262390136719e+00
1.092822933197021484e+01
1.733695149421691895e+01
2.326859498023986816e+01
2.995317625999450684e+01
1.906644773483276367e+01
1.596336960792541504e+01
2.555441689491271973e+01
2.763842558860778809e+01
4.360770678520202637e+01
3.439135837554931641e+01
1.707678151130676270e+01
1.684218716621398926e+01
1.247157716751098633e+01
2.014250659942626953e+01
9.011996507644653320e+00
1.079866123199462891e+01
1.494629025459289551e+01
4.669379425048828125e+01
1.828460097312927246e+01
1.386860775947570801e+01
1.419380545616149902e+01
3.896023654937744141e+01
1.151849222183227539e+01
1.746080946922302246e+01
3.297502660751342773e+01
1.670794916152954102e+01
1.092816138267517090e+01
1.178464341163635254e+01
2.519996619224548340e+01
1.394252467155456543e+01
2.259351158142089844e+01
4.495107674598693848e+01
2.977880787849426270e+01
2.628173637390136719e+01
2.526043748855590820e+01
9.638261556625366211e+00
4.061165690422058105e+01
2.387342405319213867e+01
1.109685397148132324e+01
1.376427292823791504e+01
1.642517709732055664e+01
5.319856286048889160e+01
7.593621897697448730e+01
1.392971229553222656e+01
2.726729273796081543e+01
1.047882342338562012e+01
3.156641340255737305e+01
2.642699146270751953e+01
2.252536559104919434e+01
1.270472240447998047e+01
8.590817213058471680e+00
3.103383374214172363e+01
1.551694965362548828e+01
1.403810906410217285e+01
1.892860507965087891e+01
9.206719398498535156e+00
9.777667999267578125e+00
6.191134691238403320e+00
1.181178784370422363e+01
3.255990290641784668e+01
1.513644099235534668e+01
8.750960588455200195e+01
3.265213394165039062e+01
2.804651975631713867e+01
4.889111256599426270e+01
4.223295807838439941e+01
3.042109727859497070e+01
1.673637437820434570e+01
4.074978303909301758e+01
9.346831083297729492e+00
1.968784141540527344e+01
1.445558738708496094e+01
3.232506990432739258e+01
2.763938856124877930e+01
1.602528309822082520e+01
6.568357539176940918e+01
9.830755710601806641e+00
2.188684725761413574e+01
2.494100284576416016e+01
8.402658295631408691e+01
9.904124498367309570e+00
1.999674344062805176e+01
2.072545719146728516e+01
1.702121543884277344e+01
1.708758258819580078e+01
1.858324694633483887e+01
1.411619305610656738e+01
8.394159078598022461e+00
9.026261138916015625e+01
2.238543009757995605e+01
2.496484112739562988e+01
2.816069674491882324e+01
2.807295393943786621e+01
2.211946344375610352e+01
3.410789108276367188e+01
1.059531044960021973e+01
4.221903324127197266e+01
8.846924567222595215e+01
3.987789320945739746e+01
3.044436430931091309e+01
1.663231277465820312e+01
8.038128614425659180e+00
1.691122269630432129e+01
1.657235813140869141e+01
2.870081830024719238e+01
1.169815301895141602e+01
1.328311181068420410e+01
2.402187848091125488e+01
7.831745624542236328e+00
1.870858621597290039e+01
4.937340974807739258e+00
1.649077653884887695e+01
6.292550563812255859e+00
1.172053527832031250e+01
1.023818826675415039e+01
6.741388797760009766e+00
1.333656191825866699e+01
8.807705640792846680e+00
9.028811454772949219e+00
4.228980541229248047e+00
9.797734022140502930e+00
8.821455001831054688e+00
6.057918787002563477e+00
6.790989637374877930e+00
8.122963666915893555e+00
8.992956876754760742e+00
5.665248155593872070e+00
1.069126558303833008e+01
1.528671741485595703e+01
7.807685136795043945e+00
2.553171896934509277e+01
1.515305399894714355e+01
8.557983160018920898e+00
1.336068367958068848e+01
1.518089461326599121e+01
1.005145049095153809e+01
7.834548711776733398e+00
2.851655459403991699e+01
1.074877285957336426e+01
1.265940093994140625e+01
1.233311200141906738e+01
8.498473405838012695e+00
3.114536023139953613e+01
2.411319088935852051e+01
1.679596376419067383e+01
2.707360887527465820e+01
2.503945279121398926e+01
1.345690989494323730e+01
6.790745496749877930e+00
2.359437322616577148e+01
1.455986070632934570e+01
3.291581988334655762e+01
4.696390628814697266e+00
8.308755874633789062e+00
2.880785489082336426e+01
8.713729143142700195e+00
2.852346611022949219e+01
1.190830898284912109e+01
9.021261548995971680e+01
1.500599193572998047e+01
1.092668247222900391e+01
8.609833717346191406e+00
1.552931213378906250e+01
1.459257721900939941e+01
1.059598827362060547e+01
1.363371491432189941e+01
1.209911012649536133e+01
1.280993866920471191e+01
9.231787681579589844e+00
1.081167721748352051e+01
2.142020297050476074e+01
1.346770429611206055e+01
1.992085886001586914e+01
7.836038827896118164e+00
2.200109434127807617e+01
1.588571834564208984e+01
1.298544859886169434e+01
9.964925289154052734e+00
1.746567487716674805e+01
3.387118268013000488e+01
3.183985733985900879e+01
2.619758248329162598e+01
1.843494486808776855e+01
1.291742134094238281e+01
5.550640559196472168e+01
1.435810875892639160e+01
3.345169878005981445e+01
3.390947914123535156e+01
2.365501046180725098e+01
3.288122940063476562e+01
6.548203945159912109e+00
9.043283224105834961e+00
3.011098384857177734e+00
7.693594932556152344e+00
4.021561384201049805e+00
1.131853032112121582e+01
8.308973550796508789e+00
7.524295330047607422e+00
1.516868090629577637e+01
5.024110794067382812e+00
1.425790405273437500e+01
3.161468601226806641e+01
3.716585731506347656e+01
1.822422862052917480e+01
3.360180115699768066e+01
1.132917952537536621e+01
2.797245240211486816e+01
2.034164690971374512e+01
2.980600762367248535e+01
2.932372593879699707e+01
2.224815273284912109e+01
1.739852523803710938e+01
8.606478214263916016e+00
1.835535836219787598e+01
1.904586553573608398e+01
6.821518063545227051e+01
1.383265280723571777e+01
1.683767795562744141e+01
3.533067440986633301e+01
1.216896510124206543e+01
9.095794677734375000e+00
8.276117801666259766e+00
1.092258906364440918e+01
6.648719310760498047e+00
8.222282648086547852e+00
8.864411830902099609e+00
8.047148704528808594e+00
4.869798183441162109e+00
7.853486776351928711e+00
8.556468486785888672e+00
3.046968173980712891e+01
2.238069605827331543e+01
9.830652475357055664e+00
1.603251600265502930e+01
1.463822937011718750e+01
2.758871603012084961e+01
2.676632785797119141e+01
1.853348731994628906e+01
1.218528556823730469e+01
1.687803101539611816e+01
3.155730438232421875e+01
1.893190503120422363e+01
1.508923244476318359e+01
7.093215227127075195e+00
9.449814558029174805e+00
9.107266426086425781e+00
9.191547393798828125e+00
3.868134737014770508e+00
1.366582393646240234e+01
4.446688652038574219e+00
1.073166012763977051e+01
7.146673679351806641e+00
7.010711908340454102e+00
7.911887884140014648e+00
4.680029869079589844e+00
6.866369247436523438e+00
1.303103899955749512e+01
4.436383008956909180e+00
4.904537439346313477e+00
9.941195487976074219e+00
7.169866800308227539e+00
4.468816518783569336e+00
9.969737052917480469e+00
7.113732814788818359e+00
8.593598842620849609e+00
8.293496131896972656e+00
1.179863762855529785e+01
1.492630910873413086e+01
6.186863422393798828e+00
1.289022731781005859e+01
3.039407372474670410e+01
2.049197793006896973e+01
2.221667838096618652e+01
2.600219893455505371e+01
3.754417276382446289e+01
1.598556828498840332e+01
2.946398258209228516e+00
1.203670144081115723e+01
1.109224438667297363e+01
2.637105917930603027e+01
1.714624309539794922e+01
2.466131305694580078e+01
9.486577749252319336e+00
7.891353130340576172e+00
8.426821231842041016e+00
1.748977708816528320e+01
2.047345042228698730e+01
1.194879531860351562e+01
1.056574535369873047e+01
8.692081212997436523e+00
6.422986984252929688e+00
4.072029113769531250e+00
1.083428978919982910e+01
2.991574287414550781e+00
6.685684680938720703e+00
4.901010513305664062e+00
6.459988117218017578e+00
2.403508186340332031e+00
1.296677255630493164e+01
1.280285477638244629e+01
5.511074781417846680e+00
4.818646669387817383e+00
8.428049802780151367e+00
7.501155614852905273e+00
8.027891874313354492e+00
3.598402976989746094e+00
4.627110242843627930e+00
6.875876903533935547e+00
8.925912618637084961e+00
1.160704541206359863e+01
1.958692860603332520e+01
9.001326012611389160e+01
6.699055218696594238e+01
2.505035734176635742e+01
1.065214729309082031e+01
1.560165357589721680e+01
1.633394861221313477e+01
2.293207406997680664e+01
2.477093315124511719e+01
3.548229432106018066e+01
6.346810579299926758e+00
1.276223778724670410e+01
7.541009902954101562e+00
8.918133735656738281e+00
6.305003881454467773e+00
6.323014736175537109e+00
5.866863012313842773e+00
6.725617408752441406e+00
4.491859912872314453e+00
7.247710943222045898e+00
2.897997784614562988e+01
9.674107551574707031e+00
1.832048320770263672e+01
1.217731547355651855e+01
2.774761843681335449e+01
2.346525812149047852e+01
2.162146687507629395e+01
1.663251328468322754e+01
4.553075790405273438e+01
3.407980203628540039e+01
1.439293527603149414e+01
1.446354770660400391e+01
1.026593589782714844e+01
1.470141053199768066e+01
7.430024385452270508e+00
1.236810016632080078e+01
1.636055779457092285e+01
7.997901439666748047e+00
1.393468117713928223e+01
1.713519215583801270e+01
6.809741973876953125e+00
5.103980541229248047e+00
9.582016706466674805e+00
9.867444038391113281e+00
7.436341047286987305e+00
9.105116128921508789e+00
5.415220260620117188e+00
9.184322595596313477e+00
6.766020536422729492e+00
4.529541015625000000e+00
6.870164155960083008e+00
4.491471767425537109e+00
9.529212951660156250e+00
4.581442356109619141e+00
7.955010414123535156e+00
8.304858922958374023e+00
5.788668394088745117e+00
4.169904232025146484e+00
3.329351186752319336e+00
4.955087423324584961e+00
7.616300821304321289e+00
9.144300937652587891e+00
6.265728473663330078e+00
1.269520831108093262e+01
8.259307146072387695e+00
7.682014942169189453e+00
5.853712320327758789e+00
5.078581571578979492e+00
4.740163803100585938e+00
1.074821400642395020e+01
1.219557833671569824e+01
8.513716936111450195e+00
9.369849681854248047e+00
2.237505197525024414e+01
1.184774231910705566e+01
9.033908605575561523e+00
1.217344117164611816e+01
9.827544450759887695e+00
1.221741056442260742e+01
7.578948020935058594e+00
1.065421819686889648e+01
1.000181436538696289e+01
7.015795469284057617e+00
4.929993152618408203e+00
4.310642004013061523e+00
1.118543004989624023e+01
3.238962888717651367e+00
7.878624200820922852e+00
1.179510736465454102e+01
5.605009317398071289e+00
1.022828030586242676e+01
1.136345624923706055e+01
1.778898072242736816e+01
2.481010961532592773e+01
2.913200283050537109e+01
1.093192410469055176e+01
1.528010773658752441e+01
1.737732362747192383e+01
1.189543390274047852e+01
3.756386208534240723e+01
3.232581138610839844e+00
8.786395788192749023e+00
8.978599071502685547e+00
1.147290110588073730e+01
1.207437276840209961e+01
7.124835252761840820e+00
6.639360189437866211e+00
4.395520925521850586e+00
1.871943140029907227e+01
7.539983749389648438e+00
1.129536128044128418e+01
3.720170259475708008e+01
1.812055301666259766e+01
9.228095293045043945e+00
9.690928936004638672e+00
1.325324916839599609e+01
1.212949943542480469e+01
2.278311109542846680e+01
2.889864277839660645e+01
3.092214417457580566e+01
1.227806401252746582e+01
1.366045379638671875e+01
1.254905629158020020e+01
1.121494245529174805e+01
4.590313529968261719e+01
1.333513689041137695e+01
1.105087900161743164e+01
1.195025634765625000e+01
1.492855858802795410e+01
1.551699113845825195e+01
2.143795776367187500e+01
1.024871373176574707e+01
2.081291675567626953e+01
3.175027918815612793e+01
1.878655147552490234e+01
2.824750566482543945e+01
3.497786402702331543e+01
3.155008268356323242e+01
2.068297863006591797e+01
3.933925366401672363e+01
1.382566142082214355e+01
4.659961938858032227e+00
1.050215721130371094e+01
8.100820779800415039e+00
6.856648445129394531e+00
6.476390838623046875e+00
7.026729106903076172e+00
9.886091232299804688e+00
1.073614311218261719e+01
8.837227821350097656e+00
5.009014368057250977e+00
9.684487581253051758e+00
5.194054603576660156e+00
5.679718017578125000e+00
1.932297468185424805e+00
1.047838664054870605e+01
9.466654300689697266e+00
7.339460611343383789e+00
1.455339479446411133e+01
1.245956015586853027e+01
1.019648981094360352e+01
6.104901790618896484e+00
1.800128650665283203e+01
8.263338327407836914e+00
1.046028542518615723e+01
7.422543048858642578e+00
1.011313891410827637e+01
1.077204608917236328e+01
1.390864849090576172e+01
1.711454248428344727e+01
7.243994712829589844e+00
8.726417779922485352e+00
7.867389440536499023e+00
7.934949159622192383e+00
1.126771116256713867e+01
1.103335595130920410e+01
3.119665622711181641e+00
6.259878635406494141e+00
9.630722999572753906e+00
5.822725296020507812e+00
1.014279866218566895e+01
2.307794094085693359e+01
1.773937892913818359e+01
4.902653288841247559e+01
7.441820621490478516e+00
1.350562620162963867e+01
1.750775837898254395e+01
7.366929054260253906e+00
4.712154626846313477e+00
9.792674303054809570e+00
5.880652904510498047e+00
8.448486566543579102e+00
5.915489673614501953e+00
1.030458021163940430e+01
7.891034603118896484e+00
1.114328718185424805e+01
1.030400204658508301e+01
7.486350297927856445e+00
1.466995739936828613e+01
9.999475955963134766e+00
4.154639482498168945e+00
1.604413223266601562e+01
1.268523168563842773e+01
8.519649028778076172e+00
7.274755954742431641e+00
7.340470075607299805e+00
5.936924219131469727e+00
1.318248414993286133e+01
1.247922921180725098e+01
4.097849845886230469e+00
6.568874835968017578e+00
4.515465259552001953e+00
5.611038684844970703e+00
9.912269830703735352e+00
8.808027505874633789e+00
9.244363307952880859e+00
9.128500699996948242e+00
1.598956370353698730e+01
1.388703918457031250e+01
1.171117329597473145e+01
1.112191581726074219e+01
1.483593010902404785e+01
1.524513888359069824e+01
7.820870637893676758e+00
1.236800837516784668e+01
1.946269202232360840e+01
1.658972597122192383e+01
6.390803098678588867e+01
2.101873779296875000e+01
2.563239979743957520e+01
1.385633659362792969e+01
1.370979070663452148e+01
2.214639997482299805e+01
9.886382818222045898e+00
1.478571176528930664e+01
1.249871826171875000e+01
1.413015055656433105e+01
2.191608309745788574e+01
1.144784688949584961e+01
1.547251796722412109e+01
7.108061552047729492e+00
8.547144174575805664e+00
1.525614404678344727e+01
1.035716891288757324e+01
1.032431459426879883e+01
7.019304990768432617e+00
6.521402597427368164e+00
1.534221792221069336e+01
1.137065625190734863e+01
1.117843937873840332e+01
1.744652652740478516e+01
1.178058505058288574e+01
3.199567079544067383e+00
2.631514549255371094e+00
1.036432409286499023e+01
5.724225521087646484e+00
7.487976074218750000e+00
8.126502990722656250e+00
5.931049346923828125e+00
1.138643980026245117e+01
9.045552492141723633e+00
9.048676967620849609e+00
7.948419570922851562e+00
5.237699508666992188e+00
4.272140026092529297e+00
7.647732019424438477e+00
4.361445188522338867e+00
9.699573755264282227e+00
6.463150978088378906e+00
1.278648233413696289e+01
2.012058877944946289e+01
1.238168954849243164e+01
1.671060729026794434e+01
1.905835461616516113e+01
5.229374432563781738e+01
2.112356209754943848e+01
9.007748746871948242e+01
1.143247365951538086e+01
4.127667880058288574e+01
2.593768644332885742e+01
3.630350756645202637e+01
2.174125933647155762e+01
1.119168019294738770e+01
2.476302289962768555e+01
3.892442512512207031e+01
3.997312974929809570e+01
2.036362409591674805e+01
9.019802451133728027e+01
5.252800416946411133e+01
1.672023081779479980e+01
1.004314780235290527e+01
6.772308588027954102e+00
1.153501653671264648e+01
8.300872087478637695e+00
2.240984034538269043e+01
8.919814825057983398e+00
4.495536327362060547e+00
1.150984001159667969e+01
9.845573663711547852e+00
4.651758432388305664e+00
4.640793323516845703e+00
3.702573537826538086e+00
3.305907154083251953e+01
1.336352419853210449e+01
6.624644994735717773e+00
1.030090236663818359e+01
5.064989805221557617e+00
5.982904911041259766e+00
9.153790473937988281e+00
1.680187726020812988e+01
2.107895207405090332e+01
1.081285095214843750e+01
1.267737603187561035e+01
7.929478645324707031e+00
1.257494187355041504e+01
1.856464934349060059e+01
8.775960206985473633e+00
6.474324703216552734e+00
1.082019519805908203e+01
2.130006670951843262e+01
1.469009590148925781e+01
1.337235760688781738e+01
1.605331206321716309e+01
6.290241718292236328e+00
9.658108234405517578e+00
4.951218843460083008e+00
7.868637800216674805e+00
7.256940603256225586e+00
5.192314624786376953e+00
7.224519491195678711e+00
5.243366241455078125e+00
7.499378919601440430e+00
1.052660846710205078e+01
1.175734162330627441e+01
5.419890642166137695e+00
1.531510877609252930e+01
1.193681263923645020e+01
1.307702708244323730e+01
7.995193004608154297e+00
6.028903007507324219e+00
1.632049632072448730e+01
2.143760776519775391e+01
2.161740255355834961e+01
5.677223873138427734e+01
3.254842495918273926e+01
8.425266265869140625e+00
8.317563533782958984e+00
5.970948457717895508e+00
3.171581101417541504e+01
1.853868556022644043e+01
7.135310888290405273e+00
5.974401712417602539e+00
1.022196197509765625e+01
6.848724126815795898e+00
6.104117393493652344e+00
5.803843498229980469e+00
9.408837318420410156e+00
1.432196259498596191e+01
3.089959383010864258e+00
1.113330507278442383e+01
8.966242074966430664e+00
4.691624164581298828e+00
6.405225276947021484e+00
8.423398971557617188e+00
1.069627118110656738e+01
4.249616622924804688e+00
1.012529659271240234e+01
3.439363479614257812e+00
8.491760730743408203e+00
4.136324882507324219e+00
1.391244173049926758e+01
1.748399806022644043e+01
8.371663808822631836e+00
2.769756436347961426e+01
6.962739706039428711e+00
1.247170543670654297e+01
2.051243209838867188e+01
1.614556312561035156e+01
1.496217656135559082e+01
2.017317938804626465e+01
7.858816623687744141e+00
1.011627578735351562e+01
7.335748910903930664e+00
1.342317843437194824e+01
6.272794961929321289e+00
9.109204530715942383e+00
4.932345867156982422e+00
1.211438250541687012e+01
7.377622604370117188e+00
1.631124305725097656e+01
1.298728537559509277e+01
6.468204736709594727e+00
1.040713596343994141e+01
3.666880130767822266e+00
1.389235329627990723e+01
6.176936626434326172e+00
6.635682344436645508e+00
6.953635215759277344e+00
4.312058210372924805e+00
9.652762651443481445e+00
1.060719704627990723e+01
8.854188442230224609e+00
6.442593336105346680e+00
1.062364530563354492e+01
5.717678546905517578e+00
6.825712442398071289e+00
8.434310913085937500e+00
1.489101028442382812e+01
7.723447084426879883e+00
4.704852342605590820e+00
7.763841152191162109e+00
5.499238967895507812e+00
1.081047654151916504e+01
8.946449756622314453e+00
7.219892501831054688e+00
8.497880220413208008e+00
4.519084930419921875e+00
1.464872193336486816e+01
1.467761731147766113e+01
1.237704849243164062e+01
6.918156862258911133e+00
8.974096536636352539e+00
5.118239402770996094e+00
2.665308237075805664e+00
1.157705545425415039e+01
5.590532541275024414e+00
9.573354244232177734e+00
4.230417966842651367e+00
5.791557788848876953e+00
5.018415689468383789e+00
6.519043445587158203e+00
6.563249349594116211e+00
6.210061550140380859e+00
5.288770198822021484e+00
5.575856685638427734e+00
1.015178227424621582e+01
1.095189476013183594e+01
4.088227272033691406e+00
7.618967056274414062e+00
5.733353853225708008e+00
8.643769502639770508e+00
4.358798742294311523e+00
1.261317634582519531e+01
1.138193893432617188e+01
7.654435873031616211e+00
4.920773267745971680e+00
3.661047220230102539e+00
1.383931994438171387e+01
1.270434451103210449e+01
5.192748546600341797e+00
2.937052249908447266e+00
8.893206119537353516e+00
7.099396467208862305e+00
1.068580889701843262e+01
5.214697360992431641e+00
1.335783982276916504e+01
5.731104850769042969e+00
6.982921123504638672e+00
8.327981233596801758e+00
7.463979482650756836e+00
5.242312192916870117e+00
6.460095167160034180e+00
6.451392173767089844e+00
1.359407591819763184e+01
5.974608659744262695e+00
1.253829550743103027e+01
1.448214745521545410e+01
1.947105002403259277e+01
5.102394580841064453e+00
7.315793275833129883e+00
8.536587238311767578e+00
7.473650217056274414e+00
9.638601541519165039e+00
7.177061080932617188e+00
9.113420248031616211e+00
8.733733415603637695e+00
7.078780412673950195e+00
5.155224084854125977e+00
7.690708875656127930e+00
8.976093053817749023e+00
6.181910514831542969e+00
8.737468242645263672e+00
5.592845439910888672e+00
6.085977554321289062e+00
7.827544927597045898e+00
4.109190225601196289e+00
5.568142175674438477e+00
7.589510679244995117e+00
1.219126176834106445e+01
1.140181779861450195e+01
9.207059383392333984e+00
1.691620254516601562e+01
8.154443740844726562e+00
4.578324317932128906e+00
8.085523605346679688e+00
1.720473074913024902e+01
1.478668498992919922e+01
1.372014427185058594e+01
1.108680438995361328e+01
1.554806780815124512e+01
2.574955177307128906e+01
6.180130457878112793e+01
5.864180088043212891e+00
3.048225140571594238e+01
2.810158896446228027e+01
1.301399087905883789e+01
4.709838628768920898e+00
1.114350128173828125e+01
1.294407439231872559e+01
7.674778223037719727e+00
1.165163207054138184e+01
2.062985897064208984e+01
4.656368970870971680e+00
1.076385045051574707e+01
9.128171205520629883e+00
3.660892248153686523e+00
7.610671758651733398e+00
1.282137966156005859e+01
6.640893459320068359e+00
4.632686138153076172e+00
1.126069903373718262e+01
1.156693458557128906e+01
8.985386610031127930e+00
9.983446836471557617e+00
7.871329069137573242e+00
1.471031236648559570e+01
1.396999359130859375e+01
8.797743797302246094e+00
8.667834997177124023e+00
1.783148336410522461e+01
1.479317927360534668e+01
1.191585969924926758e+01
6.243602275848388672e+00
1.613104867935180664e+01
1.086969852447509766e+01
1.083767104148864746e+01
3.014964580535888672e+00
5.833685874938964844e+00
3.438715696334838867e+00
7.215293645858764648e+00
5.272529125213623047e+00
6.684742689132690430e+00
2.692656755447387695e+00
1.068774008750915527e+01
9.151244163513183594e+00
4.276749849319458008e+00
5.902956008911132812e+00
4.931049823760986328e+00
5.220256567001342773e+00
1.293021821975708008e+01
1.276103472709655762e+01
1.307878232002258301e+01
9.431397914886474609e+00
1.605117583274841309e+01
9.274617671966552734e+00
7.414970636367797852e+00
6.009237527847290039e+00
1.344953870773315430e+01
1.857103753089904785e+01
8.940059900283813477e+00
1.139714813232421875e+01
1.291788339614868164e+01
1.609544777870178223e+01
9.955089092254638672e+00
1.323933911323547363e+01
1.412461924552917480e+01
1.144108891487121582e+01
1.255362248420715332e+01
2.153678965568542480e+01
2.892709946632385254e+01
1.688467931747436523e+01
6.668457984924316406e+00
8.352861404418945312e+00
1.816482090950012207e+01
1.419304251670837402e+01
1.743763256072998047e+01
1.587885689735412598e+01
1.409422636032104492e+01
1.912952876091003418e+01
1.535715532302856445e+01
1.277074193954467773e+01
8.201501369476318359e+00
9.374248743057250977e+00
4.288112878799438477e+00
1.378132176399230957e+01
8.797373533248901367e+00
6.651937246322631836e+00
9.101953506469726562e+00
3.587768793106079102e+00
1.024853634834289551e+01
5.863571882247924805e+00
9.591865062713623047e+00
4.482302188873291016e+00
6.143293380737304688e+00
1.603388714790344238e+01
9.308296680450439453e+00
1.101820731163024902e+01
1.364238238334655762e+01
1.419330143928527832e+01
1.150960922241210938e+01
1.689885258674621582e+01
2.948990011215209961e+01
8.970889329910278320e+00
1.215019130706787109e+01
2.331046462059020996e+01
6.090889930725097656e+00
1.985338258743286133e+01
1.448097705841064453e+01
1.719220829010009766e+01
2.321169734001159668e+01
6.026255130767822266e+00
1.582817316055297852e+01
6.332052230834960938e+00
8.619668960571289062e+00
6.555389165878295898e+00
9.908822536468505859e+00
6.056048870086669922e+00
1.364322066307067871e+01
5.080068588256835938e+00
9.533912420272827148e+00
2.668902158737182617e+00
1.392751717567443848e+01
1.085704541206359863e+01
7.207480192184448242e+00
1.713809275627136230e+01
5.494008541107177734e+00
1.026058602333068848e+01
1.019560647010803223e+01
7.123193502426147461e+00
5.202455997467041016e+00
6.888599872589111328e+00
3.140813589096069336e+00
4.544508457183837891e+00
4.536307096481323242e+00
3.846410512924194336e+00
1.373827433586120605e+01
6.065580606460571289e+00
6.634449005126953125e+00
4.917876482009887695e+00
9.865362644195556641e+00
1.192938256263732910e+01
6.390055656433105469e+00
1.156001424789428711e+01
9.710947751998901367e+00
1.395418906211853027e+01
1.274240541458129883e+01
7.738217115402221680e+00
1.075698828697204590e+01
1.121017408370971680e+01
1.169761538505554199e+01
1.073842620849609375e+01
9.553723096847534180e+00
7.690151929855346680e+00
4.914423227310180664e+00
1.103049635887145996e+01
8.561852216720581055e+00
6.273637056350708008e+00
4.920482873916625977e+00
6.018411159515380859e+00
1.601912569999694824e+01
7.683752775192260742e+00
3.870386838912963867e+00
1.229596185684204102e+01
6.760959863662719727e+00
1.420859193801879883e+01
8.953771114349365234e+00
6.369091749191284180e+00
5.475607156753540039e+00
1.231106376647949219e+01
7.626011848449707031e+00
1.063917303085327148e+01
4.099325656890869141e+00
6.530747890472412109e+00
7.736327886581420898e+00
1.083657670021057129e+01
1.020931625366210938e+01
1.399083423614501953e+01
5.669644594192504883e+00
9.041696786880493164e+00
5.755344867706298828e+00
