1.680000000000000000e+03
1.946000000000000000e+03
2.910000000000000000e+03
1.771000000000000000e+03
1.868000000000000000e+03
2.216000000000000000e+03
2.730000000000000000e+03
1.658000000000000000e+03
1.778000000000000000e+03
7.090000000000000000e+02
1.084000000000000000e+03
1.768000000000000000e+03
2.278000000000000000e+03
2.912000000000000000e+03
1.916000000000000000e+03
1.729000000000000000e+03
2.552000000000000000e+03
2.605000000000000000e+03
3.955000000000000000e+03
3.018000000000000000e+03
1.871000000000000000e+03
1.657000000000000000e+03
1.334000000000000000e+03
2.010000000000000000e+03
9.660000000000000000e+02
1.060000000000000000e+03
1.540000000000000000e+03
3.981000000000000000e+03
1.862000000000000000e+03
1.479000000000000000e+03
1.401000000000000000e+03
3.815000000000000000e+03
1.272000000000000000e+03
1.823000000000000000e+03
3.117000000000000000e+03
1.651000000000000000e+03
1.160000000000000000e+03
1.291000000000000000e+03
2.464000000000000000e+03
1.430000000000000000e+03
2.254000000000000000e+03
4.147000000000000000e+03
2.956000000000000000e+03
2.471000000000000000e+03
2.509000000000000000e+03
1.027000000000000000e+03
3.877000000000000000e+03
2.498000000000000000e+03
1.165000000000000000e+03
1.424000000000000000e+03
1.693000000000000000e+03
4.811000000000000000e+03
6.484000000000000000e+03
1.591000000000000000e+03
2.551000000000000000e+03
1.137000000000000000e+03
2.834000000000000000e+03
2.660000000000000000e+03
2.218000000000000000e+03
1.350000000000000000e+03
9.750000000000000000e+02
3.295000000000000000e+03
1.729000000000000000e+03
1.550000000000000000e+03
2.129000000000000000e+03
1.062000000000000000e+03
1.064000000000000000e+03
7.520000000000000000e+02
1.334000000000000000e+03
3.343000000000000000e+03
1.604000000000000000e+03
7.413000000000000000e+03
3.029000000000000000e+03
2.694000000000000000e+03
4.405000000000000000e+03
3.920000000000000000e+03
2.915000000000000000e+03
1.606000000000000000e+03
3.734000000000000000e+03
1.025000000000000000e+03
2.155000000000000000e+03
1.609000000000000000e+03
3.306000000000000000e+03
2.983000000000000000e+03
1.730000000000000000e+03
6.045000000000000000e+03
1.105000000000000000e+03
2.382000000000000000e+03
2.499000000000000000e+03
7.506000000000000000e+03
1.134000000000000000e+03
2.169000000000000000e+03
2.220000000000000000e+03
1.812000000000000000e+03
1.892000000000000000e+03
2.084000000000000000e+03
1.519000000000000000e+03
9.640000000000000000e+02
7.877000000000000000e+03
2.285000000000000000e+03
2.450000000000000000e+03
2.811000000000000000e+03
2.638000000000000000e+03
2.176000000000000000e+03
3.227000000000000000e+03
1.137000000000000000e+03
4.053000000000000000e+03
7.335000000000000000e+03
3.787000000000000000e+03
2.817000000000000000e+03
1.736000000000000000e+03
8.800000000000000000e+02
1.756000000000000000e+03
1.620000000000000000e+03
2.877000000000000000e+03
1.343000000000000000e+03
1.415000000000000000e+03
2.478000000000000000e+03
8.460000000000000000e+02
2.029000000000000000e+03
5.370000000000000000e+02
1.805000000000000000e+03
6.610000000000000000e+02
1.274000000000000000e+03
1.104000000000000000e+03
7.680000000000000000e+02
1.354000000000000000e+03
9.140000000000000000e+02
9.680000000000000000e+02
4.580000000000000000e+02
1.032000000000000000e+03
9.610000000000000000e+02
6.600000000000000000e+02
7.470000000000000000e+02
8.580000000000000000e+02
9.170000000000000000e+02
5.880000000000000000e+02
1.076000000000000000e+03
1.552000000000000000e+03
7.960000000000000000e+02
2.524000000000000000e+03
1.659000000000000000e+03
9.970000000000000000e+02
1.513000000000000000e+03
1.524000000000000000e+03
1.082000000000000000e+03
8.990000000000000000e+02
2.850000000000000000e+03
1.218000000000000000e+03
1.319000000000000000e+03
1.312000000000000000e+03
9.270000000000000000e+02
3.048000000000000000e+03
2.418000000000000000e+03
1.819000000000000000e+03
2.633000000000000000e+03
2.554000000000000000e+03
1.380000000000000000e+03
7.910000000000000000e+02
2.259000000000000000e+03
1.584000000000000000e+03
3.066000000000000000e+03
4.870000000000000000e+02
9.100000000000000000e+02
2.901000000000000000e+03
9.110000000000000000e+02
2.777000000000000000e+03
1.224000000000000000e+03
7.194000000000000000e+03
1.604000000000000000e+03
1.190000000000000000e+03
8.880000000000000000e+02
1.582000000000000000e+03
1.521000000000000000e+03
1.138000000000000000e+03
1.424000000000000000e+03
1.194000000000000000e+03
1.241000000000000000e+03
9.930000000000000000e+02
1.117000000000000000e+03
2.381000000000000000e+03
1.545000000000000000e+03
2.102000000000000000e+03
8.890000000000000000e+02
2.246000000000000000e+03
1.842000000000000000e+03
1.420000000000000000e+03
1.106000000000000000e+03
2.009000000000000000e+03
3.654000000000000000e+03
2.924000000000000000e+03
2.598000000000000000e+03
1.842000000000000000e+03
1.348000000000000000e+03
4.900000000000000000e+03
1.408000000000000000e+03
3.216000000000000000e+03
3.159000000000000000e+03
2.446000000000000000e+03
3.110000000000000000e+03
7.390000000000000000e+02
9.820000000000000000e+02
3.490000000000000000e+02
8.570000000000000000e+02
4.370000000000000000e+02
1.345000000000000000e+03
8.860000000000000000e+02
8.230000000000000000e+02
1.652000000000000000e+03
5.680000000000000000e+02
1.621000000000000000e+03
3.105000000000000000e+03
3.716000000000000000e+03
1.988000000000000000e+03
3.563000000000000000e+03
1.237000000000000000e+03
2.903000000000000000e+03
2.145000000000000000e+03
3.133000000000000000e+03
2.972000000000000000e+03
1.948000000000000000e+03
1.802000000000000000e+03
8.250000000000000000e+02
1.859000000000000000e+03
1.956000000000000000e+03
5.751000000000000000e+03
1.354000000000000000e+03
1.825000000000000000e+03
3.218000000000000000e+03
1.241000000000000000e+03
1.098000000000000000e+03
9.240000000000000000e+02
1.176000000000000000e+03
7.320000000000000000e+02
9.010000000000000000e+02
9.430000000000000000e+02
9.270000000000000000e+02
5.680000000000000000e+02
8.620000000000000000e+02
9.640000000000000000e+02
3.149000000000000000e+03
2.448000000000000000e+03
1.133000000000000000e+03
1.684000000000000000e+03
1.456000000000000000e+03
2.791000000000000000e+03
2.730000000000000000e+03
2.058000000000000000e+03
1.403000000000000000e+03
1.907000000000000000e+03
3.066000000000000000e+03
1.864000000000000000e+03
1.569000000000000000e+03
7.320000000000000000e+02
1.010000000000000000e+03
9.810000000000000000e+02
1.004000000000000000e+03
4.210000000000000000e+02
1.407000000000000000e+03
4.570000000000000000e+02
1.225000000000000000e+03
7.430000000000000000e+02
8.050000000000000000e+02
8.080000000000000000e+02
5.090000000000000000e+02
8.150000000000000000e+02
1.464000000000000000e+03
5.260000000000000000e+02
5.480000000000000000e+02
1.067000000000000000e+03
7.730000000000000000e+02
4.640000000000000000e+02
1.137000000000000000e+03
7.210000000000000000e+02
9.560000000000000000e+02
9.010000000000000000e+02
1.268000000000000000e+03
1.643000000000000000e+03
7.130000000000000000e+02
1.354000000000000000e+03
2.857000000000000000e+03
2.019000000000000000e+03
2.045000000000000000e+03
2.431000000000000000e+03
3.490000000000000000e+03
1.672000000000000000e+03
3.130000000000000000e+02
1.280000000000000000e+03
1.145000000000000000e+03
2.561000000000000000e+03
1.940000000000000000e+03
2.551000000000000000e+03
1.080000000000000000e+03
8.520000000000000000e+02
8.990000000000000000e+02
1.846000000000000000e+03
2.224000000000000000e+03
1.343000000000000000e+03
1.147000000000000000e+03
9.960000000000000000e+02
6.670000000000000000e+02
4.450000000000000000e+02
1.153000000000000000e+03
3.200000000000000000e+02
7.110000000000000000e+02
5.450000000000000000e+02
7.010000000000000000e+02
2.510000000000000000e+02
1.431000000000000000e+03
1.440000000000000000e+03
6.170000000000000000e+02
5.760000000000000000e+02
9.270000000000000000e+02
9.000000000000000000e+02
8.810000000000000000e+02
3.990000000000000000e+02
5.500000000000000000e+02
8.050000000000000000e+02
1.039000000000000000e+03
1.330000000000000000e+03
1.967000000000000000e+03
7.610000000000000000e+03
6.042000000000000000e+03
2.450000000000000000e+03
1.249000000000000000e+03
1.576000000000000000e+03
1.627000000000000000e+03
2.327000000000000000e+03
2.569000000000000000e+03
3.484000000000000000e+03
6.640000000000000000e+02
1.395000000000000000e+03
8.570000000000000000e+02
9.140000000000000000e+02
6.980000000000000000e+02
7.090000000000000000e+02
6.340000000000000000e+02
6.850000000000000000e+02
5.040000000000000000e+02
7.880000000000000000e+02
2.906000000000000000e+03
1.113000000000000000e+03
1.964000000000000000e+03
1.420000000000000000e+03
2.962000000000000000e+03
2.462000000000000000e+03
2.301000000000000000e+03
1.725000000000000000e+03
4.577000000000000000e+03
3.425000000000000000e+03
1.508000000000000000e+03
1.592000000000000000e+03
1.124000000000000000e+03
1.644000000000000000e+03
8.180000000000000000e+02
1.387000000000000000e+03
1.674000000000000000e+03
8.760000000000000000e+02
1.575000000000000000e+03
1.850000000000000000e+03
7.360000000000000000e+02
5.680000000000000000e+02
1.007000000000000000e+03
1.082000000000000000e+03
7.650000000000000000e+02
1.046000000000000000e+03
5.890000000000000000e+02
1.033000000000000000e+03
7.460000000000000000e+02
4.830000000000000000e+02
8.130000000000000000e+02
5.220000000000000000e+02
1.094000000000000000e+03
5.150000000000000000e+02
9.740000000000000000e+02
9.690000000000000000e+02
7.080000000000000000e+02
4.770000000000000000e+02
3.880000000000000000e+02
5.500000000000000000e+02
8.710000000000000000e+02
1.092000000000000000e+03
7.530000000000000000e+02
1.528000000000000000e+03
9.770000000000000000e+02
9.050000000000000000e+02
6.490000000000000000e+02
6.070000000000000000e+02
5.650000000000000000e+02
1.340000000000000000e+03
1.181000000000000000e+03
9.190000000000000000e+02
1.015000000000000000e+03
2.237000000000000000e+03
1.243000000000000000e+03
9.200000000000000000e+02
1.324000000000000000e+03
1.021000000000000000e+03
1.273000000000000000e+03
7.810000000000000000e+02
1.199000000000000000e+03
1.148000000000000000e+03
8.390000000000000000e+02
5.470000000000000000e+02
4.940000000000000000e+02
1.248000000000000000e+03
3.760000000000000000e+02
9.160000000000000000e+02
1.336000000000000000e+03
6.060000000000000000e+02
1.124000000000000000e+03
1.204000000000000000e+03
1.908000000000000000e+03
2.503000000000000000e+03
2.912000000000000000e+03
1.120000000000000000e+03
1.647000000000000000e+03
1.901000000000000000e+03
1.330000000000000000e+03
3.731000000000000000e+03
3.160000000000000000e+02
8.920000000000000000e+02
9.770000000000000000e+02
1.222000000000000000e+03
1.265000000000000000e+03
7.150000000000000000e+02
7.060000000000000000e+02
4.530000000000000000e+02
1.953000000000000000e+03
7.840000000000000000e+02
1.240000000000000000e+03
3.550000000000000000e+03
1.793000000000000000e+03
9.930000000000000000e+02
1.025000000000000000e+03
1.423000000000000000e+03
1.298000000000000000e+03
2.293000000000000000e+03
2.782000000000000000e+03
3.032000000000000000e+03
1.188000000000000000e+03
1.412000000000000000e+03
1.289000000000000000e+03
1.155000000000000000e+03
4.109000000000000000e+03
1.440000000000000000e+03
1.237000000000000000e+03
1.252000000000000000e+03
1.569000000000000000e+03
1.610000000000000000e+03
2.175000000000000000e+03
1.150000000000000000e+03
2.091000000000000000e+03
3.170000000000000000e+03
1.971000000000000000e+03
2.813000000000000000e+03
3.528000000000000000e+03
3.116000000000000000e+03
2.170000000000000000e+03
3.944000000000000000e+03
1.577000000000000000e+03
5.110000000000000000e+02
1.120000000000000000e+03
8.910000000000000000e+02
7.560000000000000000e+02
7.030000000000000000e+02
8.020000000000000000e+02
9.940000000000000000e+02
1.156000000000000000e+03
9.580000000000000000e+02
5.390000000000000000e+02
1.096000000000000000e+03
5.230000000000000000e+02
6.420000000000000000e+02
2.140000000000000000e+02
1.190000000000000000e+03
1.078000000000000000e+03
7.310000000000000000e+02
1.637000000000000000e+03
1.417000000000000000e+03
1.109000000000000000e+03
7.050000000000000000e+02
1.696000000000000000e+03
8.140000000000000000e+02
1.031000000000000000e+03
7.380000000000000000e+02
9.300000000000000000e+02
1.091000000000000000e+03
1.320000000000000000e+03
1.752000000000000000e+03
7.790000000000000000e+02
1.009000000000000000e+03
8.420000000000000000e+02
8.220000000000000000e+02
1.225000000000000000e+03
1.153000000000000000e+03
3.550000000000000000e+02
6.820000000000000000e+02
1.114000000000000000e+03
6.660000000000000000e+02
1.109000000000000000e+03
2.475000000000000000e+03
1.887000000000000000e+03
4.577000000000000000e+03
8.000000000000000000e+02
1.465000000000000000e+03
1.886000000000000000e+03
8.240000000000000000e+02
5.230000000000000000e+02
1.037000000000000000e+03
6.560000000000000000e+02
9.240000000000000000e+02
6.850000000000000000e+02
1.145000000000000000e+03
8.930000000000000000e+02
1.207000000000000000e+03
1.101000000000000000e+03
7.950000000000000000e+02
1.618000000000000000e+03
1.131000000000000000e+03
4.280000000000000000e+02
1.738000000000000000e+03
1.316000000000000000e+03
9.640000000000000000e+02
7.930000000000000000e+02
8.020000000000000000e+02
7.020000000000000000e+02
1.332000000000000000e+03
1.438000000000000000e+03
4.820000000000000000e+02
7.630000000000000000e+02
4.890000000000000000e+02
6.600000000000000000e+02
1.111000000000000000e+03
9.110000000000000000e+02
1.014000000000000000e+03
1.082000000000000000e+03
1.871000000000000000e+03
1.529000000000000000e+03
1.369000000000000000e+03
1.173000000000000000e+03
1.516000000000000000e+03
1.538000000000000000e+03
8.040000000000000000e+02
1.288000000000000000e+03
1.911000000000000000e+03
1.662000000000000000e+03
5.874000000000000000e+03
2.142000000000000000e+03
2.632000000000000000e+03
1.475000000000000000e+03
1.382000000000000000e+03
2.246000000000000000e+03
1.089000000000000000e+03
1.483000000000000000e+03
1.295000000000000000e+03
1.439000000000000000e+03
2.326000000000000000e+03
1.141000000000000000e+03
1.546000000000000000e+03
7.520000000000000000e+02
9.220000000000000000e+02
1.677000000000000000e+03
1.187000000000000000e+03
1.138000000000000000e+03
8.350000000000000000e+02
6.830000000000000000e+02
1.581000000000000000e+03
1.375000000000000000e+03
1.280000000000000000e+03
1.989000000000000000e+03
1.345000000000000000e+03
3.650000000000000000e+02
3.010000000000000000e+02
1.078000000000000000e+03
6.490000000000000000e+02
8.640000000000000000e+02
9.230000000000000000e+02
6.430000000000000000e+02
1.291000000000000000e+03
9.760000000000000000e+02
1.002000000000000000e+03
8.930000000000000000e+02
5.700000000000000000e+02
4.820000000000000000e+02
8.570000000000000000e+02
4.890000000000000000e+02
1.147000000000000000e+03
7.520000000000000000e+02
1.372000000000000000e+03
2.195000000000000000e+03
1.420000000000000000e+03
1.787000000000000000e+03
2.027000000000000000e+03
5.138000000000000000e+03
2.391000000000000000e+03
8.087000000000000000e+03
1.277000000000000000e+03
4.216000000000000000e+03
2.727000000000000000e+03
3.272000000000000000e+03
2.022000000000000000e+03
1.133000000000000000e+03
2.436000000000000000e+03
3.464000000000000000e+03
3.555000000000000000e+03
2.112000000000000000e+03
7.303000000000000000e+03
4.818000000000000000e+03
1.700000000000000000e+03
1.150000000000000000e+03
7.730000000000000000e+02
1.382000000000000000e+03
9.740000000000000000e+02
2.454000000000000000e+03
1.008000000000000000e+03
5.540000000000000000e+02
1.328000000000000000e+03
1.160000000000000000e+03
5.430000000000000000e+02
4.760000000000000000e+02
3.730000000000000000e+02
3.232000000000000000e+03
1.467000000000000000e+03
7.010000000000000000e+02
9.880000000000000000e+02
5.600000000000000000e+02
6.290000000000000000e+02
9.710000000000000000e+02
1.625000000000000000e+03
2.241000000000000000e+03
1.259000000000000000e+03
1.438000000000000000e+03
8.620000000000000000e+02
1.288000000000000000e+03
1.927000000000000000e+03
8.960000000000000000e+02
7.120000000000000000e+02
1.189000000000000000e+03
2.277000000000000000e+03
1.611000000000000000e+03
1.554000000000000000e+03
1.745000000000000000e+03
7.180000000000000000e+02
1.101000000000000000e+03
5.370000000000000000e+02
8.700000000000000000e+02
7.540000000000000000e+02
5.720000000000000000e+02
8.480000000000000000e+02
5.890000000000000000e+02
8.360000000000000000e+02
1.223000000000000000e+03
1.301000000000000000e+03
5.790000000000000000e+02
1.748000000000000000e+03
1.298000000000000000e+03
1.389000000000000000e+03
8.860000000000000000e+02
6.370000000000000000e+02
1.782000000000000000e+03
2.277000000000000000e+03
2.367000000000000000e+03
5.307000000000000000e+03
3.151000000000000000e+03
9.520000000000000000e+02
9.210000000000000000e+02
6.600000000000000000e+02
2.963000000000000000e+03
2.106000000000000000e+03
7.930000000000000000e+02
6.560000000000000000e+02
1.126000000000000000e+03
8.030000000000000000e+02
6.980000000000000000e+02
6.000000000000000000e+02
9.840000000000000000e+02
1.557000000000000000e+03
3.170000000000000000e+02
1.191000000000000000e+03
9.520000000000000000e+02
5.320000000000000000e+02
6.450000000000000000e+02
9.230000000000000000e+02
1.114000000000000000e+03
4.450000000000000000e+02
1.104000000000000000e+03
3.710000000000000000e+02
9.160000000000000000e+02
4.780000000000000000e+02
1.496000000000000000e+03
1.928000000000000000e+03
9.020000000000000000e+02
2.762000000000000000e+03
7.780000000000000000e+02
1.360000000000000000e+03
2.229000000000000000e+03
1.710000000000000000e+03
1.503000000000000000e+03
2.082000000000000000e+03
8.290000000000000000e+02
1.080000000000000000e+03
8.340000000000000000e+02
1.435000000000000000e+03
6.780000000000000000e+02
1.018000000000000000e+03
4.870000000000000000e+02
1.296000000000000000e+03
8.660000000000000000e+02
1.762000000000000000e+03
1.288000000000000000e+03
6.990000000000000000e+02
1.163000000000000000e+03
3.950000000000000000e+02
1.513000000000000000e+03
6.720000000000000000e+02
7.720000000000000000e+02
7.030000000000000000e+02
4.880000000000000000e+02
1.125000000000000000e+03
1.131000000000000000e+03
9.890000000000000000e+02
6.750000000000000000e+02
1.201000000000000000e+03
6.210000000000000000e+02
7.220000000000000000e+02
9.360000000000000000e+02
1.643000000000000000e+03
8.280000000000000000e+02
5.460000000000000000e+02
8.740000000000000000e+02
6.240000000000000000e+02
1.165000000000000000e+03
9.430000000000000000e+02
7.900000000000000000e+02
9.460000000000000000e+02
5.070000000000000000e+02
1.612000000000000000e+03
1.662000000000000000e+03
1.318000000000000000e+03
7.680000000000000000e+02
9.370000000000000000e+02
5.410000000000000000e+02
2.790000000000000000e+02
1.251000000000000000e+03
6.140000000000000000e+02
1.049000000000000000e+03
4.460000000000000000e+02
6.350000000000000000e+02
5.410000000000000000e+02
7.050000000000000000e+02
7.250000000000000000e+02
7.050000000000000000e+02
5.680000000000000000e+02
5.930000000000000000e+02
1.132000000000000000e+03
1.237000000000000000e+03
4.290000000000000000e+02
8.360000000000000000e+02
6.090000000000000000e+02
1.032000000000000000e+03
4.720000000000000000e+02
1.428000000000000000e+03
1.256000000000000000e+03
9.060000000000000000e+02
5.040000000000000000e+02
3.510000000000000000e+02
1.546000000000000000e+03
1.351000000000000000e+03
5.320000000000000000e+02
3.250000000000000000e+02
1.010000000000000000e+03
8.010000000000000000e+02
1.168000000000000000e+03
5.550000000000000000e+02
1.411000000000000000e+03
6.080000000000000000e+02
8.230000000000000000e+02
9.070000000000000000e+02
8.240000000000000000e+02
5.450000000000000000e+02
7.410000000000000000e+02
7.570000000000000000e+02
1.459000000000000000e+03
6.890000000000000000e+02
1.439000000000000000e+03
1.656000000000000000e+03
2.121000000000000000e+03
6.000000000000000000e+02
8.510000000000000000e+02
9.530000000000000000e+02
8.210000000000000000e+02
1.102000000000000000e+03
8.130000000000000000e+02
1.027000000000000000e+03
1.013000000000000000e+03
8.040000000000000000e+02
5.830000000000000000e+02
8.610000000000000000e+02
1.031000000000000000e+03
7.460000000000000000e+02
1.031000000000000000e+03
6.380000000000000000e+02
7.230000000000000000e+02
9.310000000000000000e+02
4.810000000000000000e+02
6.550000000000000000e+02
9.040000000000000000e+02
1.454000000000000000e+03
1.375000000000000000e+03
9.250000000000000000e+02
1.803000000000000000e+03
8.620000000000000000e+02
4.730000000000000000e+02
8.920000000000000000e+02
1.792000000000000000e+03
1.556000000000000000e+03
1.486000000000000000e+03
1.240000000000000000e+03
1.573000000000000000e+03
2.492000000000000000e+03
5.275000000000000000e+03
6.740000000000000000e+02
3.070000000000000000e+03
2.683000000000000000e+03
1.431000000000000000e+03
5.230000000000000000e+02
1.207000000000000000e+03
1.316000000000000000e+03
8.250000000000000000e+02
1.422000000000000000e+03
2.361000000000000000e+03
5.260000000000000000e+02
1.263000000000000000e+03
1.024000000000000000e+03
4.450000000000000000e+02
8.390000000000000000e+02
1.516000000000000000e+03
7.660000000000000000e+02
5.070000000000000000e+02
1.248000000000000000e+03
1.256000000000000000e+03
9.480000000000000000e+02
1.022000000000000000e+03
8.500000000000000000e+02
1.498000000000000000e+03
1.457000000000000000e+03
9.330000000000000000e+02
9.530000000000000000e+02
1.825000000000000000e+03
1.699000000000000000e+03
1.453000000000000000e+03
7.230000000000000000e+02
1.947000000000000000e+03
1.330000000000000000e+03
1.216000000000000000e+03
3.870000000000000000e+02
7.240000000000000000e+02
4.080000000000000000e+02
8.760000000000000000e+02
5.730000000000000000e+02
7.970000000000000000e+02
2.620000000000000000e+02
1.155000000000000000e+03
1.020000000000000000e+03
4.630000000000000000e+02
6.750000000000000000e+02
5.410000000000000000e+02
5.600000000000000000e+02
1.498000000000000000e+03
1.377000000000000000e+03
1.378000000000000000e+03
1.022000000000000000e+03
1.881000000000000000e+03
1.038000000000000000e+03
7.980000000000000000e+02
7.260000000000000000e+02
1.445000000000000000e+03
1.873000000000000000e+03
9.710000000000000000e+02
1.283000000000000000e+03
1.484000000000000000e+03
1.709000000000000000e+03
1.154000000000000000e+03
1.436000000000000000e+03
1.536000000000000000e+03
1.216000000000000000e+03
1.294000000000000000e+03
2.266000000000000000e+03
2.951000000000000000e+03
1.708000000000000000e+03
7.520000000000000000e+02
9.450000000000000000e+02
1.876000000000000000e+03
1.533000000000000000e+03
1.835000000000000000e+03
1.739000000000000000e+03
1.583000000000000000e+03
1.966000000000000000e+03
1.637000000000000000e+03
1.326000000000000000e+03
9.470000000000000000e+02
1.023000000000000000e+03
4.920000000000000000e+02
1.514000000000000000e+03
9.600000000000000000e+02
7.320000000000000000e+02
1.002000000000000000e+03
3.730000000000000000e+02
1.210000000000000000e+03
6.960000000000000000e+02
1.092000000000000000e+03
4.900000000000000000e+02
7.100000000000000000e+02
1.637000000000000000e+03
9.740000000000000000e+02
1.236000000000000000e+03
1.555000000000000000e+03
1.595000000000000000e+03
1.253000000000000000e+03
1.653000000000000000e+03
2.837000000000000000e+03
1.006000000000000000e+03
1.315000000000000000e+03
2.362000000000000000e+03
6.470000000000000000e+02
1.867000000000000000e+03
1.567000000000000000e+03
1.821000000000000000e+03
2.376000000000000000e+03
7.090000000000000000e+02
1.685000000000000000e+03
6.730000000000000000e+02
9.210000000000000000e+02
6.840000000000000000e+02
1.085000000000000000e+03
6.940000000000000000e+02
1.467000000000000000e+03
5.790000000000000000e+02
1.073000000000000000e+03
2.600000000000000000e+02
1.458000000000000000e+03
1.165000000000000000e+03
7.300000000000000000e+02
1.801000000000000000e+03
5.910000000000000000e+02
1.027000000000000000e+03
1.093000000000000000e+03
7.470000000000000000e+02
5.290000000000000000e+02
7.460000000000000000e+02
3.280000000000000000e+02
4.840000000000000000e+02
4.880000000000000000e+02
4.310000000000000000e+02
1.509000000000000000e+03
6.480000000000000000e+02
7.390000000000000000e+02
5.500000000000000000e+02
1.084000000000000000e+03
1.301000000000000000e+03
6.070000000000000000e+02
1.225000000000000000e+03
1.163000000000000000e+03
1.490000000000000000e+03
1.429000000000000000e+03
8.960000000000000000e+02
1.164000000000000000e+03
1.252000000000000000e+03
1.263000000000000000e+03
1.240000000000000000e+03
1.058000000000000000e+03
8.740000000000000000e+02
5.440000000000000000e+02
1.190000000000000000e+03
9.380000000000000000e+02
6.590000000000000000e+02
5.090000000000000000e+02
6.700000000000000000e+02
1.764000000000000000e+03
7.670000000000000000e+02
4.250000000000000000e+02
1.281000000000000000e+03
7.110000000000000000e+02
1.504000000000000000e+03
9.320000000000000000e+02
6.550000000000000000e+02
5.600000000000000000e+02
1.312000000000000000e+03
8.230000000000000000e+02
1.154000000000000000e+03
4.340000000000000000e+02
7.660000000000000000e+02
8.610000000000000000e+02
1.192000000000000000e+03
1.139000000000000000e+03
1.373000000000000000e+03
6.580000000000000000e+02
1.032000000000000000e+03
6.430000000000000000e+02
