5.571932411193847656e+01
5.393322157859802246e+01
1.980728435516357422e+01
3.288594460487365723e+01
2.789420080184936523e+01
1.032836055755615234e+01
2.234772706031799316e+01
1.215425848960876465e+01
9.190191984176635742e+00
4.651681017875671387e+01
3.039598560333251953e+01
1.827895069122314453e+01
5.181734299659729004e+01
8.918745565414428711e+01
2.995164823532104492e+01
8.924972009658813477e+01
2.616528010368347168e+01
2.671601629257202148e+01
7.019072699546813965e+01
8.997883319854736328e+00
1.391741609573364258e+01
8.082703113555908203e+00
3.733675718307495117e+01
3.696489977836608887e+01
4.244781732559204102e+00
1.751503944396972656e+01
1.384076833724975586e+01
2.692005300521850586e+01
1.524303889274597168e+01
1.844366621971130371e+01
3.245761871337890625e+01
3.380140447616577148e+01
2.677754068374633789e+01
1.937078714370727539e+01
4.197608971595764160e+01
7.680732488632202148e+00
4.336464810371398926e+01
4.025629329681396484e+01
1.162291479110717773e+01
5.393734407424926758e+01
8.314129352569580078e+00
3.711995553970336914e+01
4.354305577278137207e+01
1.652614068984985352e+01
9.484658956527709961e+00
4.022215270996093750e+01
4.203266453742980957e+01
5.488150715827941895e+01
1.797151970863342285e+01
2.434831857681274414e+01
8.911661720275878906e+01
2.107345271110534668e+01
8.907652854919433594e+01
3.899492120742797852e+01
8.922035002708435059e+01
1.372688698768615723e+01
4.023619556427001953e+01
2.062011337280273438e+01
5.752615547180175781e+01
4.631071972846984863e+01
1.524562954902648926e+01
2.158211636543273926e+01
1.699709653854370117e+01
1.616478657722473145e+01
8.025607585906982422e+00
1.096080040931701660e+01
3.351890492439270020e+01
1.019064712524414062e+01
2.636189818382263184e+01
2.093833446502685547e+01
3.337027621269226074e+01
4.201455688476562500e+01
3.357359743118286133e+01
4.757094335556030273e+01
6.602931880950927734e+01
1.655567097663879395e+01
1.723880839347839355e+01
1.711790132522583008e+01
1.167581582069396973e+01
1.722131419181823730e+01
5.904019355773925781e+01
3.337297821044921875e+01
3.404634857177734375e+01
5.908070111274719238e+01
3.894572877883911133e+01
3.556867289543151855e+01
1.236360526084899902e+01
4.487167572975158691e+01
1.281791663169860840e+01
2.494841337203979492e+01
1.894599080085754395e+01
1.189566254615783691e+01
4.107623267173767090e+01
5.929448127746582031e+01
1.519866538047790527e+01
2.760959076881408691e+01
2.564130949974060059e+01
4.629643988609313965e+01
1.981480741500854492e+01
1.984206914901733398e+01
9.578530550003051758e+00
1.591018247604370117e+01
4.935021042823791504e+01
4.854409623146057129e+01
3.857679104804992676e+01
2.023251628875732422e+01
2.776623725891113281e+01
1.422910976409912109e+01
1.386411857604980469e+01
2.299311566352844238e+01
1.727630496025085449e+01
1.095143651962280273e+01
6.421022415161132812e+00
2.751179194450378418e+01
5.929588627815246582e+01
1.866322112083435059e+01
2.326853084564208984e+01
1.414012598991394043e+01
1.720585417747497559e+01
3.401516509056091309e+01
4.227856874465942383e+00
1.164762139320373535e+01
8.287989139556884766e+00
6.193534374237060547e+00
9.413925647735595703e+00
6.866269588470458984e+00
5.435918569564819336e+00
6.237157106399536133e+00
8.006238698959350586e+00
8.202927112579345703e+00
5.799481391906738281e+00
8.861598491668701172e+00
1.781788730621337891e+01
2.891934490203857422e+01
1.012530708312988281e+01
3.889011859893798828e+00
7.764911890029907227e+00
1.880941724777221680e+01
1.139268112182617188e+01
9.540204048156738281e+00
1.130667495727539062e+01
1.844770669937133789e+01
1.558502173423767090e+01
1.228069448471069336e+01
1.124808645248413086e+01
1.824795031547546387e+01
1.364161539077758789e+01
8.764282703399658203e+00
5.171776294708251953e+00
1.692056989669799805e+01
8.292979001998901367e+01
6.786849975585937500e+00
4.647408723831176758e+01
3.231866955757141113e+01
1.257780265808105469e+01
4.867066836357116699e+01
1.802257871627807617e+01
1.156052994728088379e+01
4.448737049102783203e+01
1.945647811889648438e+01
1.199849843978881836e+01
1.574828648567199707e+01
2.014182853698730469e+01
1.279274892807006836e+01
2.303476667404174805e+01
9.769948244094848633e+00
1.887405109405517578e+01
2.954739475250244141e+01
2.157691025733947754e+01
2.092224454879760742e+01
1.861336874961853027e+01
1.452168178558349609e+01
1.672589707374572754e+01
1.580879616737365723e+01
1.095974230766296387e+01
1.124166798591613770e+01
5.443093538284301758e+00
1.047325539588928223e+01
1.051647901535034180e+01
2.099323940277099609e+01
1.510457491874694824e+01
2.461331057548522949e+01
1.053070735931396484e+01
2.586825561523437500e+01
1.589638948440551758e+01
3.301081228256225586e+01
2.506815981864929199e+01
2.844466924667358398e+01
2.185604238510131836e+01
3.154858446121215820e+01
1.459330487251281738e+01
1.524305391311645508e+01
3.108898687362670898e+01
9.807947397232055664e+00
5.900838971138000488e+01
2.186243820190429688e+01
3.956059718132019043e+01
2.285024285316467285e+01
2.410389900207519531e+01
2.754079174995422363e+01
6.243747234344482422e+00
9.279331922531127930e+00
7.602697372436523438e+00
1.060665488243103027e+01
7.266141414642333984e+00
9.100566625595092773e+00
4.632175445556640625e+00
5.312041282653808594e+00
4.820788621902465820e+00
7.979449748992919922e+00
4.352854704856872559e+01
1.020550012588500977e+01
3.200468063354492188e+01
1.570177841186523438e+01
4.874075651168823242e+01
1.990654516220092773e+01
2.817946934700012207e+01
5.906455492973327637e+01
2.927639079093933105e+01
4.441353535652160645e+01
2.629099082946777344e+01
1.092619633674621582e+01
1.441789317131042480e+01
1.390154218673706055e+01
1.867716145515441895e+01
1.284143781661987305e+01
1.513518977165222168e+01
8.705106496810913086e+00
9.083634376525878906e+00
1.554884696006774902e+01
8.564107418060302734e+00
1.049550199508666992e+01
4.262437105178833008e+00
1.940127849578857422e+00
1.048980021476745605e+01
4.258104801177978516e+00
1.229564237594604492e+01
3.667858362197875977e+00
4.467713832855224609e+00
8.951066017150878906e+00
5.910447478294372559e+01
6.893156528472900391e+00
2.114773297309875488e+01
1.346066975593566895e+01
1.193896603584289551e+01
7.855861425399780273e+00
8.255597591400146484e+00
2.248874521255493164e+01
2.332411813735961914e+01
1.506930398941040039e+01
1.413306093215942383e+01
8.829261541366577148e+00
1.416446495056152344e+01
1.141914510726928711e+01
1.225303864479064941e+01
1.637480282783508301e+01
5.970613479614257812e+00
1.199895119667053223e+01
1.575212335586547852e+01
1.775955319404602051e+01
1.133693265914916992e+01
9.378590106964111328e+00
5.567095756530761719e+00
5.337849855422973633e+00
4.927014350891113281e+00
8.644117355346679688e+00
7.637881994247436523e+00
4.993477106094360352e+00
4.659211158752441406e+00
6.055773735046386719e+00
6.659316062927246094e+00
6.041201591491699219e+00
7.380645990371704102e+00
5.827511072158813477e+00
7.899786233901977539e+00
1.962184023857116699e+01
1.067324614524841309e+01
9.925198316574096680e+00
9.284563779830932617e+00
8.638883829116821289e+00
5.256726503372192383e+00
1.191295576095581055e+01
8.790654182434082031e+00
2.785311913490295410e+01
1.411954116821289062e+01
7.759765386581420898e+00
1.539059376716613770e+01
8.912078046798706055e+01
1.258825087547302246e+01
1.962940835952758789e+01
7.790436506271362305e+00
1.906623268127441406e+01
1.223966217041015625e+01
2.114106631278991699e+01
2.045195317268371582e+01
1.617033576965332031e+01
1.431941390037536621e+01
1.580067157745361328e+01
1.901018714904785156e+01
1.040056347846984863e+01
5.728394985198974609e+00
5.346623897552490234e+00
1.452438735961914062e+01
8.641635656356811523e+00
8.181334495544433594e+00
4.037396192550659180e+00
7.241618394851684570e+00
5.927595138549804688e+00
3.457585096359252930e+00
1.517378616333007812e+01
1.799932003021240234e+00
6.649052143096923828e+00
9.827364921569824219e+00
5.574498891830444336e+00
2.959666728973388672e+00
9.912960052490234375e+00
1.378037214279174805e+01
9.451502799987792969e+00
4.940627336502075195e+00
6.728832006454467773e+00
3.779906582832336426e+01
4.244000220298767090e+01
1.359573769569396973e+01
4.898575520515441895e+01
1.692410826683044434e+01
2.623698544502258301e+01
5.924701452255249023e+01
2.115577363967895508e+01
1.088224983215332031e+01
2.792793202400207520e+01
4.880431652069091797e+00
3.977760076522827148e+00
6.625571727752685547e+00
8.455997467041015625e+00
1.080827808380126953e+01
1.332365083694458008e+01
5.766603231430053711e+00
5.738787174224853516e+00
4.937532186508178711e+00
3.046162366867065430e+00
1.641286396980285645e+01
3.212984800338745117e+01
4.398734378814697266e+01
1.523858022689819336e+01
8.400635242462158203e+00
2.609775805473327637e+01
3.936145973205566406e+01
2.073225259780883789e+01
5.930313467979431152e+01
2.506834077835083008e+01
1.401028370857238770e+01
1.532296872138977051e+01
1.372313690185546875e+01
1.654457926750183105e+01
1.079577350616455078e+01
9.065535783767700195e+00
5.187870740890502930e+00
4.448457956314086914e+00
5.624079227447509766e+00
1.578492879867553711e+01
1.368017625808715820e+01
4.587098121643066406e+00
5.802653312683105469e+00
9.787439584732055664e+00
5.435084104537963867e+00
7.826308727264404297e+00
7.546300411224365234e+00
3.249650001525878906e+00
8.910671234130859375e+00
5.940898418426513672e+00
6.921893596649169922e+00
3.543438673019409180e+00
9.500367641448974609e+00
8.187170267105102539e+00
5.857807159423828125e+00
5.482092142105102539e+00
1.062529325485229492e+01
6.613932132720947266e+00
9.392300367355346680e+00
1.343095016479492188e+01
1.288763809204101562e+01
9.705499172210693359e+00
1.097921514511108398e+01
6.946686506271362305e+00
3.845549583435058594e+00
1.507976317405700684e+01
6.176140546798706055e+00
6.020174264907836914e+00
6.853732109069824219e+00
1.114092540740966797e+01
1.502147173881530762e+01
6.129189968109130859e+00
6.885392665863037109e+00
1.138973712921142578e+01
1.339948654174804688e+01
1.485351705551147461e+01
1.578429841995239258e+01
1.177016496658325195e+01
6.831044197082519531e+00
1.310751438140869141e+01
1.331338500976562500e+01
3.490547418594360352e+00
7.665121555328369141e+00
7.190713644027709961e+00
9.138582944869995117e+00
5.671047687530517578e+00
1.119379901885986328e+01
3.349318027496337891e+00
2.124561762809753418e+01
1.276010966300964355e+01
7.310733318328857422e+00
3.507173252105712891e+01
2.625083041191101074e+01
1.916807079315185547e+01
9.917263507843017578e+00
1.167804026603698730e+01
1.227613306045532227e+01
2.736663365364074707e+01
1.809422707557678223e+01
1.176308274269104004e+01
2.685764312744140625e+00
7.224658012390136719e+00
5.390754461288452148e+00
8.358858585357666016e+00
7.017932415008544922e+00
7.908105134963989258e+00
1.458458638191223145e+01
8.852807521820068359e+00
9.513202428817749023e+00
1.074812269210815430e+01
1.262806892395019531e+01
8.189810037612915039e+00
9.397400140762329102e+00
2.131479239463806152e+01
9.028010845184326172e+00
2.855772042274475098e+01
1.801974439620971680e+01
9.311440229415893555e+00
3.489711475372314453e+01
1.606608867645263672e+01
1.950959324836730957e+01
3.311335277557373047e+01
7.636616468429565430e+00
1.018895292282104492e+01
3.111045932769775391e+01
1.060571956634521484e+01
1.163563084602355957e+01
2.562009024620056152e+01
2.650526046752929688e+00
3.095329904556274414e+01
3.372619962692260742e+01
2.779983615875244141e+01
5.919843602180480957e+01
2.255284166336059570e+01
1.621066379547119141e+01
3.365966629981994629e+01
7.625717878341674805e+00
3.398288488388061523e+01
5.423113822937011719e+00
5.909681034088134766e+01
9.279625177383422852e+00
4.682461500167846680e+00
4.969102621078491211e+00
7.828729867935180664e+00
4.776464939117431641e+00
6.713157892227172852e+00
1.136391019821166992e+01
3.662880897521972656e+00
6.833247900009155273e+00
7.906803369522094727e+00
6.097755193710327148e+00
3.726679086685180664e+00
7.132704734802246094e+00
5.632165908813476562e+00
6.157627344131469727e+00
1.118290948867797852e+01
3.026795864105224609e+00
8.698226690292358398e+00
6.188103437423706055e+00
3.639951229095458984e+00
1.625282096862792969e+01
1.316490387916564941e+01
5.877246618270874023e+00
1.046834921836853027e+01
7.080425739288330078e+00
1.960901284217834473e+01
9.578186035156250000e+00
1.171910548210144043e+01
1.458442521095275879e+01
1.086149168014526367e+01
8.400609970092773438e+00
9.791466474533081055e+00
3.548786878585815430e+00
1.169256830215454102e+01
9.092569589614868164e+00
1.018250608444213867e+01
3.047486066818237305e+00
8.617337465286254883e+00
9.386354684829711914e+00
7.417820692062377930e+00
1.742591261863708496e+01
9.095176935195922852e+00
5.640508651733398438e+00
1.212905430793762207e+01
1.637497830390930176e+01
1.002197122573852539e+01
9.054585218429565430e+00
1.607811498641967773e+01
1.656767416000366211e+01
1.414835023880004883e+01
6.721980333328247070e+00
1.433280563354492188e+01
1.107050013542175293e+01
8.442641973495483398e+00
1.155335998535156250e+01
1.036309885978698730e+01
9.118100643157958984e+00
1.502048611640930176e+01
3.914987802505493164e+00
1.245521473884582520e+01
5.438315153121948242e+00
6.660597562789916992e+00
1.067973256111145020e+01
1.172634124755859375e+00
4.302641391754150391e+00
5.943954944610595703e+00
1.008614277839660645e+01
6.758678674697875977e+00
1.000886750221252441e+01
1.666136336326599121e+01
1.213125967979431152e+01
1.022278809547424316e+01
1.418909025192260742e+01
1.033531069755554199e+01
1.333451676368713379e+01
2.298913264274597168e+01
2.349152994155883789e+01
1.374770259857177734e+01
2.923200273513793945e+01
1.522467231750488281e+01
1.014629268646240234e+01
2.270503926277160645e+01
5.257992362976074219e+01
1.272330451011657715e+01
6.625653743743896484e+00
2.784275460243225098e+01
9.422393083572387695e+00
2.377691268920898438e+01
1.547617626190185547e+01
3.325101757049560547e+01
1.258141088485717773e+01
9.580191612243652344e+00
5.050797462463378906e+00
1.152648186683654785e+01
2.267270755767822266e+01
1.454097652435302734e+01
1.104847121238708496e+01
1.111117792129516602e+01
6.139939069747924805e+00
1.561010742187500000e+01
1.240219807624816895e+01
2.269186258316040039e+01
9.704906940460205078e+00
1.586546063423156738e+01
7.877141714096069336e+00
6.656903743743896484e+00
1.993534803390502930e+01
7.964955568313598633e+00
2.143556594848632812e+01
1.511820554733276367e+01
8.685135364532470703e+00
7.380735397338867188e+00
8.648770093917846680e+00
5.892599582672119141e+00
1.030166387557983398e+01
5.382776021957397461e+00
7.903157234191894531e+00
5.715708494186401367e+00
7.933300256729125977e+00
7.502664327621459961e+00
7.416502237319946289e+00
5.123620033264160156e+00
9.735405921936035156e+00
5.252979516983032227e+00
8.213003635406494141e+00
4.729314327239990234e+00
7.106554508209228516e+00
8.242135524749755859e+00
4.342871665954589844e+00
1.027399873733520508e+01
1.803677630424499512e+01
5.937199807167053223e+01
5.915510201454162598e+01
3.013437247276306152e+01
2.869133210182189941e+01
3.032507777214050293e+01
1.327801370620727539e+01
5.908923506736755371e+01
2.370364856719970703e+01
2.083548188209533691e+01
3.157999753952026367e+01
8.913401556015014648e+01
2.141507196426391602e+01
5.688529086112976074e+01
1.905149960517883301e+01
2.107253193855285645e+01
1.050293898582458496e+01
5.528553605079650879e+01
1.664331841468811035e+01
4.586088967323303223e+01
6.220364570617675781e+00
4.668563604354858398e+00
7.974627017974853516e+00
6.074921607971191406e+00
5.574232101440429688e+00
1.326691818237304688e+01
1.304014253616333008e+01
7.632070779800415039e+00
7.198030233383178711e+00
2.468540668487548828e+00
6.262295722961425781e+00
6.772676229476928711e+00
6.115251779556274414e+00
7.257563114166259766e+00
6.350587606430053711e+00
1.080589532852172852e+01
8.666071653366088867e+00
6.518791675567626953e+00
6.081705570220947266e+00
5.607941865921020508e+00
1.159299373626708984e+01
6.012308359146118164e+00
7.778545856475830078e+00
2.036083006858825684e+01
7.700784206390380859e+00
9.808359146118164062e+00
6.532211303710937500e+00
1.646922945976257324e+01
1.736212182044982910e+01
1.204623627662658691e+01
1.377428913116455078e+01
4.030961036682128906e+00
5.963233947753906250e+00
1.206780552864074707e+01
1.006899809837341309e+01
2.695891857147216797e+00
7.179128646850585938e+00
6.043420791625976562e+00
5.170305013656616211e+00
3.169694900512695312e+00
4.388444423675537109e+00
9.070012092590332031e+00
5.477090835571289062e+00
4.475265741348266602e+00
7.151631355285644531e+00
1.480182933807373047e+01
2.761202096939086914e+00
9.278148651123046875e+00
4.464106798171997070e+00
1.187030458450317383e+01
6.087972164154052734e+00
1.220674371719360352e+01
5.900984096527099609e+01
1.116109037399291992e+01
5.901025772094726562e+01
5.119886684417724609e+01
5.295982599258422852e+00
2.674840307235717773e+01
1.395806097984313965e+01
5.517411279678344727e+01
1.013910436630249023e+01
6.773417711257934570e+00
5.437356948852539062e+00
2.319120860099792480e+01
3.056833505630493164e+00
2.916262865066528320e+00
5.394499540328979492e+00
2.637203931808471680e+00
7.520742177963256836e+00
1.207269859313964844e+01
7.841552734375000000e+00
1.251128458976745605e+01
3.129313230514526367e+00
5.594083547592163086e+00
8.124487161636352539e+00
6.852585792541503906e+00
9.324620008468627930e+00
1.922235012054443359e+00
2.904921054840087891e+00
1.288553237915039062e+00
1.238309669494628906e+01
9.840750455856323242e+00
1.221591186523437500e+01
5.725314140319824219e+00
1.104565763473510742e+01
7.959071159362792969e+00
1.385106730461120605e+01
3.567827320098876953e+01
7.876547574996948242e+00
1.388955163955688477e+01
3.944170951843261719e+00
8.579289674758911133e+00
9.877660036087036133e+00
4.245770454406738281e+00
9.943788290023803711e+00
6.343906879425048828e+00
2.822573184967041016e+00
1.496242094039916992e+01
9.442269563674926758e+00
6.608888864517211914e+00
8.235639810562133789e+00
5.205879926681518555e+00
7.523449659347534180e+00
3.457091808319091797e+00
6.434611558914184570e+00
1.477944087982177734e+01
3.972752094268798828e+00
2.561743497848510742e+00
6.371758222579956055e+00
4.092280149459838867e+00
1.652946352958679199e+01
5.244695186614990234e+00
1.251930236816406250e+01
1.297313857078552246e+01
9.570913314819335938e+00
7.755480527877807617e+00
8.724241733551025391e+00
8.599511623382568359e+00
9.792166948318481445e+00
2.084760665893554688e+01
6.968817710876464844e+00
5.895328283309936523e+00
6.861165285110473633e+00
6.752954244613647461e+00
1.529917645454406738e+01
8.130517005920410156e+00
3.128793001174926758e+00
3.601241588592529297e+00
8.837647199630737305e+00
3.853691577911376953e+00
3.197201251983642578e+00
4.933669090270996094e+00
5.662299394607543945e+00
1.420292258262634277e+01
6.088700532913208008e+00
3.394963979721069336e+00
3.754889965057373047e+00
1.739841151237487793e+01
8.268843889236450195e+00
9.482607126235961914e+00
1.203044629096984863e+01
9.581891775131225586e+00
1.315068078041076660e+01
6.836739301681518555e+00
5.382908344268798828e+00
1.233304071426391602e+01
8.037576675415039062e+00
2.704678058624267578e+00
5.815312385559082031e+00
4.471369028091430664e+00
7.205399513244628906e+00
4.192387104034423828e+00
4.157668590545654297e+00
4.582265377044677734e+00
4.535584926605224609e+00
1.319199705123901367e+01
5.056650400161743164e+00
6.135535717010498047e+00
4.204899549484252930e+00
2.458173036575317383e+00
6.332221984863281250e+00
6.520439624786376953e+00
1.030933833122253418e+01
1.032070922851562500e+01
7.822557449340820312e+00
9.537257432937622070e+00
3.294333696365356445e+00
5.331285953521728516e+00
8.682604551315307617e+00
7.145636796951293945e+00
2.825679779052734375e+00
9.890332698822021484e+00
6.523768186569213867e+00
4.689342260360717773e+00
7.116684198379516602e+00
6.586252450942993164e+00
8.448774099349975586e+00
7.587953329086303711e+00
4.073497056961059570e+00
8.123959064483642578e+00
7.785047054290771484e+00
8.983121633529663086e+00
6.788233757019042969e+00
1.594314050674438477e+01
3.796147584915161133e+00
1.398025059700012207e+01
5.534540176391601562e+00
1.031068587303161621e+01
7.744754314422607422e+00
9.473876237869262695e+00
8.369205236434936523e+00
9.842583179473876953e+00
6.695266485214233398e+00
1.406462907791137695e+01
9.412743330001831055e+00
5.033276319503784180e+00
7.041760921478271484e+00
6.071919679641723633e+00
9.383032560348510742e+00
8.824125289916992188e+00
8.856342315673828125e+00
1.445780539512634277e+01
6.513365268707275391e+00
7.091144561767578125e+00
3.859362363815307617e+00
1.862160539627075195e+01
4.677242755889892578e+00
3.012649059295654297e+00
1.292503118515014648e+01
9.799854278564453125e+00
1.425536704063415527e+01
7.250726461410522461e+00
1.229557657241821289e+01
4.691885972023010254e+01
4.104042124748229980e+01
9.085856437683105469e+00
9.250795364379882812e+00
5.338799953460693359e+00
1.074342727661132812e+01
9.984856605529785156e+00
1.666137933731079102e+01
1.051872444152832031e+01
1.152132964134216309e+01
1.030429291725158691e+01
4.347713232040405273e+00
5.439614295959472656e+00
1.094087362289428711e+01
1.895691752433776855e+01
1.128595399856567383e+01
5.827229738235473633e+00
9.137586832046508789e+00
6.908105850219726562e+00
2.622900032997131348e+01
5.696840524673461914e+00
1.331728696823120117e+01
3.625109434127807617e+00
8.669325590133666992e+00
1.020487570762634277e+01
1.458475852012634277e+01
8.058619022369384766e+00
1.104957652091979980e+01
4.192662477493286133e+00
7.591478109359741211e+00
6.232638835906982422e+00
1.828316926956176758e+00
9.408191919326782227e+00
7.971407413482666016e+00
8.346843242645263672e+00
1.093818545341491699e+01
3.072777986526489258e+00
1.720706605911254883e+01
5.169902324676513672e+00
8.401349544525146484e+00
9.316183090209960938e+00
6.985570192337036133e+00
9.603810310363769531e+00
6.472359895706176758e+00
6.124581813812255859e+00
5.321911096572875977e+00
4.462229251861572266e+00
1.689788913726806641e+01
8.798022747039794922e+00
6.021012306213378906e+00
4.760526180267333984e+00
1.129934477806091309e+01
6.548938512802124023e+00
7.227894544601440430e+00
9.284346818923950195e+00
5.285658836364746094e+00
1.971315264701843262e+01
1.078929877281188965e+01
1.001464700698852539e+01
1.573958039283752441e+01
1.569453525543212891e+01
2.090400147438049316e+01
2.481908345222473145e+01
1.782011151313781738e+01
1.358344531059265137e+01
6.955021619796752930e+00
1.110009169578552246e+01
6.757961988449096680e+00
4.388457322120666504e+01
2.550462460517883301e+01
1.209734344482421875e+01
1.049167776107788086e+01
2.264620208740234375e+01
9.482499837875366211e+00
3.128288054466247559e+01
5.909822773933410645e+01
1.683217334747314453e+01
1.072476196289062500e+01
1.023965597152709961e+01
4.366494417190551758e+00
2.539644718170166016e+00
5.567888021469116211e+00
6.446068525314331055e+00
7.654276847839355469e+00
8.802109956741333008e+00
3.976514101028442383e+00
1.585979914665222168e+01
9.973357200622558594e+00
6.457059621810913086e+00
8.010785579681396484e+00
1.288700008392333984e+01
1.072973728179931641e+01
1.256237983703613281e+01
1.017274141311645508e+01
9.516234397888183594e+00
7.909713029861450195e+00
1.009240150451660156e+01
1.508781909942626953e+01
6.576361179351806641e+00
1.551564645767211914e+01
7.221310853958129883e+00
2.651634263992309570e+01
1.160301065444946289e+01
7.370784759521484375e+00
5.823843240737915039e+00
1.095909643173217773e+01
1.251640176773071289e+01
7.219531774520874023e+00
3.631862163543701172e+00
7.218371868133544922e+00
7.925186157226562500e+00
1.476600217819213867e+01
1.041196990013122559e+01
2.124649286270141602e+00
7.884728670120239258e+00
1.178110861778259277e+01
1.071990442276000977e+01
5.934381484985351562e+00
2.152533292770385742e+00
7.490328788757324219e+00
5.227794885635375977e+00
1.010253620147705078e+01
9.385551214218139648e+00
6.026350021362304688e+00
5.404170036315917969e+00
3.423362255096435547e+00
7.117606401443481445e+00
7.657127141952514648e+00
1.795361185073852539e+01
1.742990016937255859e+00
3.259141206741333008e+00
8.503133296966552734e+00
1.001534748077392578e+01
5.649607658386230469e+00
8.858965873718261719e+00
6.655303239822387695e+00
9.379375696182250977e+00
5.597309827804565430e+00
1.053658890724182129e+01
8.267212152481079102e+00
1.584927725791931152e+01
9.003748416900634766e+00
7.817531824111938477e+00
1.160520982742309570e+01
3.709836721420288086e+00
2.165760278701782227e+00
6.522250652313232422e+00
3.275166749954223633e+00
5.085167884826660156e+00
8.257776498794555664e+00
1.269712853431701660e+01
9.484580755233764648e+00
8.459014654159545898e+00
1.089920210838317871e+01
8.781700372695922852e+00
1.665928626060485840e+01
6.967371940612792969e+00
3.345531225204467773e+00
4.223240852355957031e+00
3.399622201919555664e+00
1.716522550582885742e+01
9.864953994750976562e+00
8.422367095947265625e+00
7.227844238281250000e+00
1.676867723464965820e+00
8.869358539581298828e+00
1.031925868988037109e+01
6.572983026504516602e+00
1.187473893165588379e+01
1.879594707489013672e+01
8.915053606033325195e+00
1.066415619850158691e+01
4.847864627838134766e+00
2.192697215080261230e+01
5.758287191390991211e+00
9.988939523696899414e+00
4.289225339889526367e+00
