1.863000000000000000e+03
5.027000000000000000e+03
1.707000000000000000e+03
1.453000000000000000e+03
1.322000000000000000e+03
1.062000000000000000e+03
1.638000000000000000e+03
4.343000000000000000e+03
1.643000000000000000e+03
2.166000000000000000e+03
2.252000000000000000e+03
1.578000000000000000e+03
3.290000000000000000e+03
2.350000000000000000e+03
4.838000000000000000e+03
3.838000000000000000e+03
2.587000000000000000e+03
6.880000000000000000e+02
1.141000000000000000e+03
2.060000000000000000e+03
2.417000000000000000e+03
2.472000000000000000e+03
1.506000000000000000e+03
1.421000000000000000e+03
7.500000000000000000e+02
2.258000000000000000e+03
8.730000000000000000e+02
1.329000000000000000e+03
1.491000000000000000e+03
1.353000000000000000e+03
2.152000000000000000e+03
3.537000000000000000e+03
1.697000000000000000e+03
2.641000000000000000e+03
1.405000000000000000e+03
7.800000000000000000e+02
1.165000000000000000e+03
1.508000000000000000e+03
2.326000000000000000e+03
2.302000000000000000e+03
3.877000000000000000e+03
4.142000000000000000e+03
4.831000000000000000e+03
4.161000000000000000e+03
9.550000000000000000e+02
9.760000000000000000e+02
2.283000000000000000e+03
4.387000000000000000e+03
2.471000000000000000e+03
3.583000000000000000e+03
3.365000000000000000e+03
1.436000000000000000e+03
4.393000000000000000e+03
1.324000000000000000e+03
2.439000000000000000e+03
7.782000000000000000e+03
1.923000000000000000e+03
1.033000000000000000e+03
3.185000000000000000e+03
2.329000000000000000e+03
1.775000000000000000e+03
7.720000000000000000e+02
1.943000000000000000e+03
1.345000000000000000e+03
2.760000000000000000e+03
2.089000000000000000e+03
1.987000000000000000e+03
8.690000000000000000e+02
1.214000000000000000e+03
1.722000000000000000e+03
5.780000000000000000e+03
1.046000000000000000e+03
2.735000000000000000e+03
6.406000000000000000e+03
2.488000000000000000e+03
3.448000000000000000e+03
3.247000000000000000e+03
1.358000000000000000e+03
1.499000000000000000e+03
2.523000000000000000e+03
2.405000000000000000e+03
1.739000000000000000e+03
1.382000000000000000e+03
3.886000000000000000e+03
6.683000000000000000e+03
1.713000000000000000e+03
4.075000000000000000e+03
2.901000000000000000e+03
1.955000000000000000e+03
3.511000000000000000e+03
2.832000000000000000e+03
3.444000000000000000e+03
3.096000000000000000e+03
3.471000000000000000e+03
1.616000000000000000e+03
2.024000000000000000e+03
1.498000000000000000e+03
1.842000000000000000e+03
9.610000000000000000e+02
2.274000000000000000e+03
2.766000000000000000e+03
2.898000000000000000e+03
1.293000000000000000e+03
4.254000000000000000e+03
6.150000000000000000e+02
4.210000000000000000e+03
1.441000000000000000e+03
3.715000000000000000e+03
1.010000000000000000e+03
3.164000000000000000e+03
1.515000000000000000e+03
2.271000000000000000e+03
4.452000000000000000e+03
2.091000000000000000e+03
3.059000000000000000e+03
1.877000000000000000e+03
1.631000000000000000e+03
2.638000000000000000e+03
2.062000000000000000e+03
1.439000000000000000e+03
1.260000000000000000e+03
6.960000000000000000e+02
5.840000000000000000e+02
7.660000000000000000e+02
1.952000000000000000e+03
9.810000000000000000e+02
7.180000000000000000e+02
1.235000000000000000e+03
9.280000000000000000e+02
1.306000000000000000e+03
1.274000000000000000e+03
7.140000000000000000e+02
1.249000000000000000e+03
1.163000000000000000e+03
5.970000000000000000e+02
1.469000000000000000e+03
1.094000000000000000e+03
7.980000000000000000e+02
6.500000000000000000e+02
1.925000000000000000e+03
1.486000000000000000e+03
4.502000000000000000e+03
1.094000000000000000e+03
1.459000000000000000e+03
9.040000000000000000e+02
1.764000000000000000e+03
1.699000000000000000e+03
9.880000000000000000e+02
1.606000000000000000e+03
1.211000000000000000e+03
1.956000000000000000e+03
2.479000000000000000e+03
4.239000000000000000e+03
1.098000000000000000e+03
2.164000000000000000e+03
2.519000000000000000e+03
2.215000000000000000e+03
4.054000000000000000e+03
2.204000000000000000e+03
1.299000000000000000e+03
1.507000000000000000e+03
8.980000000000000000e+02
2.653000000000000000e+03
1.922000000000000000e+03
1.820000000000000000e+03
7.060000000000000000e+02
2.293000000000000000e+03
1.684000000000000000e+03
1.058000000000000000e+03
3.169000000000000000e+03
1.413000000000000000e+03
1.385000000000000000e+03
2.150000000000000000e+03
3.012000000000000000e+03
1.045000000000000000e+03
1.363000000000000000e+03
1.399000000000000000e+03
3.372000000000000000e+03
1.875000000000000000e+03
1.358000000000000000e+03
1.368000000000000000e+03
3.128000000000000000e+03
1.739000000000000000e+03
5.332000000000000000e+03
2.343000000000000000e+03
2.117000000000000000e+03
2.850000000000000000e+03
1.875000000000000000e+03
1.739000000000000000e+03
2.461000000000000000e+03
2.790000000000000000e+03
2.008000000000000000e+03
9.480000000000000000e+02
2.962000000000000000e+03
1.422000000000000000e+03
3.286000000000000000e+03
7.859000000000000000e+03
1.337000000000000000e+03
8.660000000000000000e+02
8.610000000000000000e+02
6.810000000000000000e+02
7.060000000000000000e+02
2.410000000000000000e+03
3.760000000000000000e+02
2.560000000000000000e+02
1.504000000000000000e+03
6.250000000000000000e+02
9.100000000000000000e+02
9.190000000000000000e+02
9.930000000000000000e+02
1.013000000000000000e+03
7.537000000000000000e+03
6.320000000000000000e+02
9.890000000000000000e+02
3.152000000000000000e+03
9.920000000000000000e+02
3.593000000000000000e+03
3.329000000000000000e+03
2.069000000000000000e+03
3.683000000000000000e+03
1.266000000000000000e+03
1.866000000000000000e+03
5.398000000000000000e+03
1.542000000000000000e+03
1.007000000000000000e+03
1.614000000000000000e+03
1.859000000000000000e+03
9.540000000000000000e+02
1.998000000000000000e+03
2.705000000000000000e+03
1.167000000000000000e+03
9.560000000000000000e+02
8.680000000000000000e+02
6.990000000000000000e+02
8.880000000000000000e+02
1.245000000000000000e+03
8.600000000000000000e+02
7.730000000000000000e+02
6.750000000000000000e+02
8.630000000000000000e+02
1.124000000000000000e+03
1.660000000000000000e+03
7.780000000000000000e+02
3.575000000000000000e+03
3.013000000000000000e+03
7.760000000000000000e+02
2.609000000000000000e+03
1.470000000000000000e+03
1.323000000000000000e+03
1.260000000000000000e+03
8.530000000000000000e+02
1.029000000000000000e+03
1.482000000000000000e+03
1.112000000000000000e+03
1.306000000000000000e+03
7.680000000000000000e+02
1.748000000000000000e+03
1.434000000000000000e+03
1.524000000000000000e+03
2.066000000000000000e+03
1.273000000000000000e+03
5.170000000000000000e+02
7.720000000000000000e+02
1.340000000000000000e+03
5.410000000000000000e+02
9.330000000000000000e+02
6.770000000000000000e+02
6.200000000000000000e+02
1.111000000000000000e+03
6.450000000000000000e+02
4.900000000000000000e+02
1.226000000000000000e+03
1.868000000000000000e+03
1.479000000000000000e+03
4.790000000000000000e+02
8.280000000000000000e+02
1.158000000000000000e+03
1.288000000000000000e+03
1.406000000000000000e+03
1.440000000000000000e+03
1.993000000000000000e+03
1.781000000000000000e+03
7.620000000000000000e+02
1.938000000000000000e+03
2.220000000000000000e+03
3.431000000000000000e+03
1.161000000000000000e+03
2.774000000000000000e+03
2.280000000000000000e+03
2.386000000000000000e+03
1.137000000000000000e+03
2.546000000000000000e+03
1.038000000000000000e+03
1.799000000000000000e+03
1.229000000000000000e+03
8.910000000000000000e+02
1.396000000000000000e+03
9.840000000000000000e+02
1.408000000000000000e+03
2.100000000000000000e+03
5.100000000000000000e+02
5.050000000000000000e+02
1.651000000000000000e+03
7.790000000000000000e+02
7.870000000000000000e+02
1.522000000000000000e+03
1.479000000000000000e+03
6.610000000000000000e+02
1.261000000000000000e+03
9.580000000000000000e+02
9.390000000000000000e+02
7.630000000000000000e+02
1.019000000000000000e+03
1.016000000000000000e+03
4.170000000000000000e+02
1.734000000000000000e+03
7.960000000000000000e+02
1.231000000000000000e+03
5.150000000000000000e+02
5.810000000000000000e+02
3.480000000000000000e+03
3.859000000000000000e+03
4.096000000000000000e+03
9.400000000000000000e+02
2.262000000000000000e+03
1.829000000000000000e+03
2.965000000000000000e+03
5.369000000000000000e+03
2.229000000000000000e+03
5.169000000000000000e+03
7.740000000000000000e+02
1.281000000000000000e+03
9.450000000000000000e+02
8.860000000000000000e+02
6.850000000000000000e+02
1.543000000000000000e+03
1.362000000000000000e+03
1.187000000000000000e+03
8.280000000000000000e+02
1.137000000000000000e+03
1.102000000000000000e+03
2.352000000000000000e+03
7.670000000000000000e+02
2.616000000000000000e+03
3.297000000000000000e+03
3.086000000000000000e+03
1.953000000000000000e+03
2.052000000000000000e+03
2.780000000000000000e+03
1.025000000000000000e+03
1.141000000000000000e+03
1.480000000000000000e+03
2.100000000000000000e+03
1.046000000000000000e+03
9.200000000000000000e+02
1.705000000000000000e+03
1.024000000000000000e+03
1.833000000000000000e+03
1.541000000000000000e+03
2.910000000000000000e+02
7.300000000000000000e+02
8.610000000000000000e+02
1.249000000000000000e+03
8.570000000000000000e+02
1.041000000000000000e+03
9.050000000000000000e+02
7.720000000000000000e+02
9.900000000000000000e+02
5.780000000000000000e+02
1.642000000000000000e+03
9.650000000000000000e+02
1.325000000000000000e+03
7.100000000000000000e+02
9.410000000000000000e+02
2.960000000000000000e+02
6.010000000000000000e+02
1.145000000000000000e+03
9.800000000000000000e+02
1.172000000000000000e+03
1.008000000000000000e+03
1.079000000000000000e+03
1.297000000000000000e+03
8.590000000000000000e+02
1.066000000000000000e+03
1.134000000000000000e+03
1.187000000000000000e+03
1.103000000000000000e+03
1.296000000000000000e+03
1.322000000000000000e+03
1.327000000000000000e+03
1.589000000000000000e+03
2.303000000000000000e+03
9.240000000000000000e+02
1.334000000000000000e+03
9.790000000000000000e+02
1.046000000000000000e+03
1.385000000000000000e+03
2.052000000000000000e+03
1.021000000000000000e+03
7.440000000000000000e+02
1.384000000000000000e+03
4.520000000000000000e+02
6.250000000000000000e+02
9.370000000000000000e+02
8.520000000000000000e+02
3.440000000000000000e+02
5.650000000000000000e+02
4.320000000000000000e+02
7.220000000000000000e+02
7.440000000000000000e+02
2.063000000000000000e+03
2.982000000000000000e+03
2.557000000000000000e+03
1.310000000000000000e+03
1.004000000000000000e+03
2.595000000000000000e+03
1.371000000000000000e+03
1.637000000000000000e+03
2.453000000000000000e+03
2.328000000000000000e+03
5.980000000000000000e+02
7.380000000000000000e+02
1.247000000000000000e+03
1.032000000000000000e+03
5.340000000000000000e+02
8.370000000000000000e+02
5.350000000000000000e+02
7.350000000000000000e+02
5.440000000000000000e+02
8.470000000000000000e+02
1.518000000000000000e+03
1.258000000000000000e+03
1.317000000000000000e+03
8.190000000000000000e+02
1.361000000000000000e+03
5.342000000000000000e+03
9.640000000000000000e+02
1.191000000000000000e+03
1.538000000000000000e+03
3.329000000000000000e+03
1.133000000000000000e+03
1.644000000000000000e+03
3.022000000000000000e+03
2.803000000000000000e+03
2.499000000000000000e+03
1.005000000000000000e+03
1.762000000000000000e+03
2.288000000000000000e+03
1.030000000000000000e+03
1.349000000000000000e+03
7.480000000000000000e+02
1.197000000000000000e+03
2.362000000000000000e+03
1.943000000000000000e+03
2.274000000000000000e+03
3.433000000000000000e+03
4.355000000000000000e+03
1.663000000000000000e+03
1.861000000000000000e+03
3.476000000000000000e+03
1.575000000000000000e+03
6.500000000000000000e+02
9.460000000000000000e+02
1.227000000000000000e+03
6.820000000000000000e+02
3.860000000000000000e+02
8.840000000000000000e+02
8.560000000000000000e+02
1.286000000000000000e+03
8.670000000000000000e+02
6.530000000000000000e+02
1.181000000000000000e+03
6.980000000000000000e+02
1.091000000000000000e+03
8.350000000000000000e+02
1.162000000000000000e+03
1.273000000000000000e+03
1.760000000000000000e+03
4.910000000000000000e+02
8.590000000000000000e+02
7.980000000000000000e+02
3.740000000000000000e+02
1.352000000000000000e+03
1.464000000000000000e+03
1.231000000000000000e+03
1.135000000000000000e+03
1.154000000000000000e+03
6.290000000000000000e+02
7.610000000000000000e+02
1.247000000000000000e+03
9.380000000000000000e+02
4.400000000000000000e+02
9.850000000000000000e+02
6.240000000000000000e+02
1.231000000000000000e+03
1.726000000000000000e+03
8.820000000000000000e+02
4.880000000000000000e+02
8.950000000000000000e+02
9.660000000000000000e+02
1.837000000000000000e+03
2.659000000000000000e+03
1.490000000000000000e+03
2.003000000000000000e+03
9.950000000000000000e+02
2.995000000000000000e+03
2.137000000000000000e+03
1.139000000000000000e+03
8.670000000000000000e+02
9.280000000000000000e+02
7.890000000000000000e+02
1.988000000000000000e+03
8.430000000000000000e+02
7.880000000000000000e+02
1.120000000000000000e+03
1.612000000000000000e+03
9.800000000000000000e+02
9.810000000000000000e+02
1.415000000000000000e+03
2.534000000000000000e+03
5.940000000000000000e+02
8.320000000000000000e+02
9.250000000000000000e+02
2.920000000000000000e+02
1.035000000000000000e+03
1.224000000000000000e+03
7.880000000000000000e+02
1.262000000000000000e+03
1.111000000000000000e+03
2.155000000000000000e+03
1.033000000000000000e+03
5.200000000000000000e+02
1.198000000000000000e+03
1.401000000000000000e+03
1.065000000000000000e+03
3.932000000000000000e+03
2.430000000000000000e+03
1.765000000000000000e+03
1.139000000000000000e+03
9.710000000000000000e+02
2.203000000000000000e+03
8.750000000000000000e+02
1.563000000000000000e+03
1.012000000000000000e+03
1.964000000000000000e+03
2.483000000000000000e+03
2.569000000000000000e+03
5.228000000000000000e+03
1.325000000000000000e+03
1.997000000000000000e+03
1.130000000000000000e+03
1.078000000000000000e+03
1.622000000000000000e+03
1.270000000000000000e+03
1.763000000000000000e+03
1.511000000000000000e+03
6.220000000000000000e+02
1.078000000000000000e+03
9.620000000000000000e+02
1.104000000000000000e+03
2.154000000000000000e+03
7.030000000000000000e+02
2.109000000000000000e+03
2.044000000000000000e+03
1.115000000000000000e+03
1.051000000000000000e+03
1.289000000000000000e+03
7.490000000000000000e+02
1.098000000000000000e+03
1.625000000000000000e+03
5.060000000000000000e+02
6.840000000000000000e+02
9.490000000000000000e+02
4.900000000000000000e+02
7.820000000000000000e+02
8.140000000000000000e+02
1.468000000000000000e+03
1.331000000000000000e+03
4.230000000000000000e+02
9.840000000000000000e+02
1.355000000000000000e+03
1.082000000000000000e+03
7.550000000000000000e+02
8.650000000000000000e+02
7.130000000000000000e+02
1.318000000000000000e+03
1.375000000000000000e+03
8.340000000000000000e+02
1.412000000000000000e+03
1.170000000000000000e+03
3.380000000000000000e+03
7.189000000000000000e+03
6.678000000000000000e+03
6.700000000000000000e+02
1.505000000000000000e+03
3.042000000000000000e+03
2.202000000000000000e+03
3.840000000000000000e+03
2.298000000000000000e+03
1.434000000000000000e+03
1.469000000000000000e+03
4.680000000000000000e+03
4.647000000000000000e+03
3.154000000000000000e+03
2.297000000000000000e+03
1.522000000000000000e+03
1.070000000000000000e+03
2.588000000000000000e+03
4.566000000000000000e+03
3.291000000000000000e+03
7.340000000000000000e+02
8.830000000000000000e+02
1.485000000000000000e+03
1.014000000000000000e+03
7.780000000000000000e+02
1.106000000000000000e+03
6.550000000000000000e+02
8.910000000000000000e+02
3.350000000000000000e+02
8.460000000000000000e+02
6.330000000000000000e+02
5.050000000000000000e+02
3.514000000000000000e+03
1.576000000000000000e+03
1.213000000000000000e+03
7.260000000000000000e+02
1.408000000000000000e+03
1.565000000000000000e+03
1.456000000000000000e+03
4.558000000000000000e+03
1.194000000000000000e+03
1.043000000000000000e+03
8.090000000000000000e+02
6.060000000000000000e+02
1.802000000000000000e+03
1.791000000000000000e+03
1.661000000000000000e+03
5.020000000000000000e+02
1.155000000000000000e+03
1.757000000000000000e+03
4.260000000000000000e+02
8.310000000000000000e+02
1.502000000000000000e+03
7.480000000000000000e+02
2.500000000000000000e+02
1.274000000000000000e+03
8.240000000000000000e+02
9.590000000000000000e+02
1.279000000000000000e+03
6.250000000000000000e+02
1.226000000000000000e+03
7.290000000000000000e+02
7.110000000000000000e+02
1.257000000000000000e+03
9.520000000000000000e+02
1.419000000000000000e+03
1.203000000000000000e+03
8.200000000000000000e+02
1.517000000000000000e+03
7.450000000000000000e+02
3.175000000000000000e+03
9.170000000000000000e+02
2.473000000000000000e+03
3.872000000000000000e+03
1.590000000000000000e+03
2.985000000000000000e+03
3.603000000000000000e+03
1.642000000000000000e+03
1.226000000000000000e+03
2.383000000000000000e+03
9.240000000000000000e+02
8.330000000000000000e+02
1.606000000000000000e+03
1.424000000000000000e+03
1.171000000000000000e+03
9.240000000000000000e+02
7.000000000000000000e+02
6.880000000000000000e+02
4.850000000000000000e+02
1.006000000000000000e+03
1.606000000000000000e+03
4.310000000000000000e+02
1.569000000000000000e+03
5.790000000000000000e+02
7.480000000000000000e+02
1.187000000000000000e+03
5.910000000000000000e+02
1.445000000000000000e+03
7.250000000000000000e+02
8.370000000000000000e+02
2.059000000000000000e+03
1.204000000000000000e+03
9.570000000000000000e+02
9.760000000000000000e+02
1.280000000000000000e+03
7.090000000000000000e+02
1.644000000000000000e+03
7.100000000000000000e+02
8.800000000000000000e+02
1.225000000000000000e+03
8.560000000000000000e+02
1.161000000000000000e+03
7.720000000000000000e+02
1.710000000000000000e+02
1.849000000000000000e+03
8.090000000000000000e+02
1.032000000000000000e+03
6.090000000000000000e+02
3.960000000000000000e+02
5.300000000000000000e+02
1.485000000000000000e+03
5.980000000000000000e+02
4.600000000000000000e+02
8.540000000000000000e+02
1.579000000000000000e+03
3.620000000000000000e+02
7.360000000000000000e+02
1.080000000000000000e+03
1.281000000000000000e+03
7.180000000000000000e+02
1.188000000000000000e+03
1.355000000000000000e+03
1.590000000000000000e+03
6.960000000000000000e+02
8.180000000000000000e+02
6.880000000000000000e+02
7.950000000000000000e+02
1.670000000000000000e+03
1.141000000000000000e+03
1.113000000000000000e+03
2.220000000000000000e+02
7.000000000000000000e+02
4.140000000000000000e+02
8.390000000000000000e+02
9.460000000000000000e+02
1.203000000000000000e+03
7.360000000000000000e+02
7.070000000000000000e+02
1.665000000000000000e+03
8.930000000000000000e+02
4.310000000000000000e+02
3.430000000000000000e+02
1.158000000000000000e+03
1.174000000000000000e+03
9.910000000000000000e+02
1.075000000000000000e+03
1.450000000000000000e+03
8.690000000000000000e+02
8.400000000000000000e+02
3.970000000000000000e+02
7.610000000000000000e+02
4.170000000000000000e+02
1.392000000000000000e+03
7.340000000000000000e+02
8.330000000000000000e+02
4.290000000000000000e+02
1.106000000000000000e+03
3.300000000000000000e+02
1.726000000000000000e+03
4.560000000000000000e+02
6.550000000000000000e+02
6.940000000000000000e+02
1.469000000000000000e+03
4.520000000000000000e+02
6.350000000000000000e+02
8.830000000000000000e+02
6.340000000000000000e+02
7.890000000000000000e+02
1.117000000000000000e+03
1.115000000000000000e+03
1.265000000000000000e+03
7.560000000000000000e+02
2.317000000000000000e+03
8.150000000000000000e+02
4.820000000000000000e+02
1.025000000000000000e+03
7.640000000000000000e+02
6.960000000000000000e+02
9.820000000000000000e+02
1.109000000000000000e+03
6.490000000000000000e+02
6.900000000000000000e+02
1.112000000000000000e+03
1.194000000000000000e+03
5.950000000000000000e+02
4.800000000000000000e+02
2.227000000000000000e+03
1.150000000000000000e+03
1.078000000000000000e+03
1.030000000000000000e+03
6.720000000000000000e+02
1.157000000000000000e+03
1.682000000000000000e+03
6.990000000000000000e+02
7.700000000000000000e+02
6.400000000000000000e+02
1.029000000000000000e+03
8.390000000000000000e+02
8.980000000000000000e+02
1.205000000000000000e+03
5.350000000000000000e+02
6.450000000000000000e+02
4.510000000000000000e+02
9.940000000000000000e+02
3.370000000000000000e+02
7.660000000000000000e+02
1.350000000000000000e+03
8.770000000000000000e+02
9.350000000000000000e+02
5.170000000000000000e+02
1.874000000000000000e+03
1.561000000000000000e+03
1.029000000000000000e+03
2.202000000000000000e+03
1.390000000000000000e+03
2.420000000000000000e+03
9.460000000000000000e+02
5.100000000000000000e+02
5.520000000000000000e+02
1.245000000000000000e+03
1.150000000000000000e+03
1.878000000000000000e+03
1.685000000000000000e+03
1.824000000000000000e+03
2.848000000000000000e+03
2.100000000000000000e+03
4.298000000000000000e+03
1.544000000000000000e+03
1.185000000000000000e+03
1.446000000000000000e+03
7.270000000000000000e+02
7.220000000000000000e+02
1.467000000000000000e+03
1.140000000000000000e+03
8.730000000000000000e+02
6.880000000000000000e+02
1.202000000000000000e+03
1.435000000000000000e+03
1.102000000000000000e+03
1.391000000000000000e+03
1.205000000000000000e+03
1.246000000000000000e+03
1.676000000000000000e+03
1.220000000000000000e+03
1.180000000000000000e+03
1.110000000000000000e+03
1.470000000000000000e+03
1.921000000000000000e+03
9.550000000000000000e+02
8.000000000000000000e+02
8.080000000000000000e+02
2.135000000000000000e+03
8.560000000000000000e+02
6.350000000000000000e+02
9.300000000000000000e+02
8.070000000000000000e+02
9.930000000000000000e+02
1.054000000000000000e+03
4.230000000000000000e+02
2.158000000000000000e+03
3.200000000000000000e+02
1.050000000000000000e+03
6.570000000000000000e+02
6.540000000000000000e+02
6.200000000000000000e+02
6.670000000000000000e+02
1.627000000000000000e+03
6.640000000000000000e+02
1.824000000000000000e+03
1.416000000000000000e+03
6.610000000000000000e+02
1.287000000000000000e+03
1.294000000000000000e+03
2.001000000000000000e+03
5.460000000000000000e+02
1.170000000000000000e+03
1.117000000000000000e+03
2.760000000000000000e+03
1.610000000000000000e+03
8.060000000000000000e+02
1.520000000000000000e+03
1.879000000000000000e+03
2.165000000000000000e+03
1.485000000000000000e+03
2.061000000000000000e+03
1.920000000000000000e+03
1.462000000000000000e+03
1.209000000000000000e+03
1.781000000000000000e+03
1.206000000000000000e+03
1.488000000000000000e+03
2.318000000000000000e+03
5.482000000000000000e+03
7.296000000000000000e+03
1.826000000000000000e+03
1.754000000000000000e+03
1.607000000000000000e+03
1.300000000000000000e+03
1.255000000000000000e+03
1.058000000000000000e+03
1.019000000000000000e+03
7.460000000000000000e+02
6.960000000000000000e+02
1.116000000000000000e+03
1.014000000000000000e+03
1.244000000000000000e+03
1.756000000000000000e+03
1.461000000000000000e+03
1.368000000000000000e+03
1.316000000000000000e+03
1.178000000000000000e+03
1.102000000000000000e+03
1.205000000000000000e+03
1.088000000000000000e+03
1.312000000000000000e+03
6.200000000000000000e+02
9.360000000000000000e+02
6.260000000000000000e+02
7.450000000000000000e+02
8.130000000000000000e+02
1.030000000000000000e+03
1.583000000000000000e+03
7.910000000000000000e+02
1.491000000000000000e+03
1.538000000000000000e+03
1.258000000000000000e+03
9.730000000000000000e+02
1.477000000000000000e+03
1.161000000000000000e+03
1.472000000000000000e+03
1.341000000000000000e+03
3.290000000000000000e+02
1.388000000000000000e+03
1.041000000000000000e+03
9.000000000000000000e+02
9.820000000000000000e+02
1.221000000000000000e+03
6.580000000000000000e+02
1.506000000000000000e+03
1.089000000000000000e+03
1.308000000000000000e+03
6.440000000000000000e+02
9.200000000000000000e+02
1.162000000000000000e+03
1.041000000000000000e+03
6.450000000000000000e+02
9.830000000000000000e+02
1.411000000000000000e+03
1.286000000000000000e+03
4.250000000000000000e+02
4.700000000000000000e+02
5.690000000000000000e+02
1.400000000000000000e+03
7.250000000000000000e+02
6.740000000000000000e+02
6.210000000000000000e+02
1.152000000000000000e+03
8.940000000000000000e+02
4.040000000000000000e+02
8.810000000000000000e+02
8.820000000000000000e+02
1.807000000000000000e+03
1.233000000000000000e+03
1.696000000000000000e+03
1.606000000000000000e+03
1.948000000000000000e+03
1.446000000000000000e+03
1.479000000000000000e+03
1.168000000000000000e+03
1.088000000000000000e+03
6.180000000000000000e+02
8.330000000000000000e+02
8.090000000000000000e+02
1.495000000000000000e+03
8.670000000000000000e+02
9.780000000000000000e+02
1.326000000000000000e+03
1.032000000000000000e+03
6.150000000000000000e+02
1.024000000000000000e+03
1.412000000000000000e+03
1.410000000000000000e+03
2.509000000000000000e+03
8.660000000000000000e+02
1.003000000000000000e+03
1.319000000000000000e+03
9.350000000000000000e+02
1.295000000000000000e+03
1.054000000000000000e+03
1.381000000000000000e+03
7.630000000000000000e+02
1.055000000000000000e+03
1.606000000000000000e+03
1.645000000000000000e+03
1.579000000000000000e+03
1.685000000000000000e+03
8.360000000000000000e+02
1.212000000000000000e+03
1.713000000000000000e+03
7.260000000000000000e+02
