1.678551268577575684e+01
4.975516724586486816e+01
1.569007563591003418e+01
1.295448422431945801e+01
1.238532376289367676e+01
1.067161130905151367e+01
1.765374469757080078e+01
4.516885948181152344e+01
1.642107081413269043e+01
2.180879759788513184e+01
2.345236015319824219e+01
1.585201120376586914e+01
3.474790048599243164e+01
2.469564437866210938e+01
5.191387820243835449e+01
4.292669701576232910e+01
2.625010275840759277e+01
6.512824296951293945e+00
1.011465477943420410e+01
2.061278653144836426e+01
2.504976749420166016e+01
2.652428865432739258e+01
1.397729372978210449e+01
1.263685846328735352e+01
6.422278881072998047e+00
2.271346783638000488e+01
7.988100767135620117e+00
1.213629364967346191e+01
1.323443722724914551e+01
1.276588129997253418e+01
1.960245013236999512e+01
3.368242478370666504e+01
1.516287493705749512e+01
2.245927214622497559e+01
1.166457223892211914e+01
6.180352210998535156e+00
9.659116029739379883e+00
1.220776581764221191e+01
2.129322266578674316e+01
2.058451819419860840e+01
4.293710446357727051e+01
4.518791961669921875e+01
5.243414545059204102e+01
4.739775514602661133e+01
9.239941358566284180e+00
9.854564666748046875e+00
2.226399230957031250e+01
5.226905488967895508e+01
2.438926792144775391e+01
3.618997955322265625e+01
3.708966016769409180e+01
1.323588252067565918e+01
4.376253104209899902e+01
1.203678798675537109e+01
2.143959331512451172e+01
9.010274791717529297e+01
1.784993696212768555e+01
9.364008665084838867e+00
3.365784025192260742e+01
2.376661467552185059e+01
1.591704630851745605e+01
7.001726865768432617e+00
1.800980401039123535e+01
1.195321631431579590e+01
2.641146636009216309e+01
1.960826420783996582e+01
1.903308105468750000e+01
7.606308937072753906e+00
1.148162221908569336e+01
1.578893041610717773e+01
7.121599102020263672e+01
1.025185942649841309e+01
2.947372746467590332e+01
7.031556177139282227e+01
2.456231093406677246e+01
3.334425950050354004e+01
3.193920540809631348e+01
1.300920462608337402e+01
1.374173641204833984e+01
2.568698930740356445e+01
2.421111631393432617e+01
1.735921239852905273e+01
1.249595236778259277e+01
4.228521203994750977e+01
8.071045660972595215e+01
1.758626723289489746e+01
4.525585198402404785e+01
3.032891392707824707e+01
1.843255138397216797e+01
3.848763036727905273e+01
2.951891207695007324e+01
3.529180908203125000e+01
2.922358250617980957e+01
3.344446587562561035e+01
1.446644687652587891e+01
1.925439548492431641e+01
1.380169486999511719e+01
1.798264455795288086e+01
8.825769424438476562e+00
2.295984220504760742e+01
2.677604866027832031e+01
2.737383270263671875e+01
1.117701363563537598e+01
4.115460538864135742e+01
5.413737535476684570e+00
4.088230705261230469e+01
1.346590161323547363e+01
3.695937681198120117e+01
8.742227315902709961e+00
3.131365275382995605e+01
1.515767359733581543e+01
2.354169440269470215e+01
4.976240515708923340e+01
2.101187396049499512e+01
3.183160972595214844e+01
1.924814677238464355e+01
1.802586388587951660e+01
2.801630783081054688e+01
2.076802253723144531e+01
1.523029971122741699e+01
1.174143886566162109e+01
6.112843513488769531e+00
5.397912979125976562e+00
7.094028949737548828e+00
1.736710786819458008e+01
8.533679485321044922e+00
6.162663698196411133e+00
1.102088570594787598e+01
8.682300806045532227e+00
1.193515634536743164e+01
1.259575319290161133e+01
6.823092699050903320e+00
1.169706535339355469e+01
1.138210272789001465e+01
5.401113033294677734e+00
1.488998460769653320e+01
9.817128896713256836e+00
7.489037036895751953e+00
5.759607076644897461e+00
1.998701977729797363e+01
1.477012777328491211e+01
5.401376152038574219e+01
1.091711449623107910e+01
1.394132804870605469e+01
8.519551515579223633e+00
1.628153324127197266e+01
1.770344853401184082e+01
1.015404677391052246e+01
1.629876399040222168e+01
1.133283543586730957e+01
1.769169807434082031e+01
2.364434266090393066e+01
4.473580360412597656e+01
9.928982973098754883e+00
2.077901339530944824e+01
2.314354395866394043e+01
2.100165867805480957e+01
4.169282269477844238e+01
2.153530240058898926e+01
1.234234738349914551e+01
1.369657278060913086e+01
7.806299448013305664e+00
2.418853998184204102e+01
1.516315603256225586e+01
1.581935858726501465e+01
5.811010837554931641e+00
1.993745923042297363e+01
1.446568465232849121e+01
8.682625293731689453e+00
2.872881889343261719e+01
1.345063972473144531e+01
1.225841760635375977e+01
2.093813657760620117e+01
3.076620650291442871e+01
1.015136241912841797e+01
1.234600138664245605e+01
1.273767971992492676e+01
3.640658497810363770e+01
1.857840800285339355e+01
1.278979706764221191e+01
1.500507402420043945e+01
3.226254153251647949e+01
1.798614931106567383e+01
6.196850323677062988e+01
2.360032773017883301e+01
2.136653351783752441e+01
2.875105404853820801e+01
1.863484597206115723e+01
1.647841835021972656e+01
2.315427064895629883e+01
2.728542637825012207e+01
1.864697480201721191e+01
8.387737035751342773e+00
3.018206429481506348e+01
1.238518643379211426e+01
3.219088053703308105e+01
9.007114577293395996e+01
1.255715274810791016e+01
7.815167665481567383e+00
7.845758199691772461e+00
6.205844640731811523e+00
6.302389144897460938e+00
2.455522632598876953e+01
3.273454904556274414e+00
2.461542129516601562e+00
1.439918375015258789e+01
5.854896783828735352e+00
8.240840673446655273e+00
8.266742467880249023e+00
9.366338729858398438e+00
9.643006801605224609e+00
9.042715120315551758e+01
5.913830280303955078e+00
9.596204996109008789e+00
3.235832929611206055e+01
8.623406171798706055e+00
3.856409597396850586e+01
3.383289265632629395e+01
1.998117876052856445e+01
3.560765457153320312e+01
1.132477140426635742e+01
1.804805588722229004e+01
5.915774631500244141e+01
1.552868986129760742e+01
9.046872854232788086e+00
1.477393603324890137e+01
1.739773797988891602e+01
8.491644144058227539e+00
2.015994644165039062e+01
2.677678227424621582e+01
1.035199952125549316e+01
8.001248598098754883e+00
8.268728017807006836e+00
5.944642543792724609e+00
7.751806735992431641e+00
1.122435140609741211e+01
7.670971393585205078e+00
7.087240219116210938e+00
5.964217424392700195e+00
7.711690425872802734e+00
9.460787296295166016e+00
1.393525886535644531e+01
6.812192440032958984e+00
3.232852196693420410e+01
2.992284345626831055e+01
7.307032346725463867e+00
2.461335134506225586e+01
1.236102342605590820e+01
1.177676868438720703e+01
1.114002966880798340e+01
7.923017024993896484e+00
9.805979967117309570e+00
1.422525930404663086e+01
1.005006980895996094e+01
1.193205714225769043e+01
6.791010618209838867e+00
1.575240898132324219e+01
1.312389588356018066e+01
1.359822392463684082e+01
2.064193749427795410e+01
1.153123474121093750e+01
4.864406108856201172e+00
6.837080478668212891e+00
1.208380770683288574e+01
5.112390279769897461e+00
8.652703285217285156e+00
6.278548955917358398e+00
6.203627824783325195e+00
9.878951311111450195e+00
5.942672491073608398e+00
4.817756175994873047e+00
1.123685741424560547e+01
1.685477900505065918e+01
1.360981845855712891e+01
4.141676425933837891e+00
7.938522100448608398e+00
1.066042423248291016e+01
1.139468145370483398e+01
1.314260506629943848e+01
1.365090703964233398e+01
1.821827101707458496e+01
1.647409200668334961e+01
6.679858446121215820e+00
1.821115589141845703e+01
2.157501339912414551e+01
3.275127935409545898e+01
1.051575565338134766e+01
2.551006984710693359e+01
2.082340049743652344e+01
2.162397623062133789e+01
1.038488268852233887e+01
2.656832838058471680e+01
9.327463865280151367e+00
1.681265735626220703e+01
1.145752906799316406e+01
7.519931316375732422e+00
1.335356569290161133e+01
9.777208328247070312e+00
1.374047183990478516e+01
2.122670435905456543e+01
4.888556957244873047e+00
4.534766674041748047e+00
1.502198362350463867e+01
7.305331707000732422e+00
7.153903961181640625e+00
1.387105131149291992e+01
1.296716785430908203e+01
6.220425367355346680e+00
1.120084357261657715e+01
8.768592596054077148e+00
8.984475374221801758e+00
7.330575227737426758e+00
9.120417118072509766e+00
9.306772947311401367e+00
3.857522249221801758e+00
1.564235401153564453e+01
6.915981769561767578e+00
1.154302167892456055e+01
4.924972534179687500e+00
5.580336093902587891e+00
3.191760301589965820e+01
3.619367432594299316e+01
3.831167483329772949e+01
8.225010156631469727e+00
2.057499170303344727e+01
1.749802565574645996e+01
2.705063247680664062e+01
5.584210920333862305e+01
2.031187176704406738e+01
5.205402112007141113e+01
6.798427820205688477e+00
1.177200245857238770e+01
8.355658292770385742e+00
8.140227317810058594e+00
6.328422546386718750e+00
1.385448575019836426e+01
1.209945678710937500e+01
1.057123708724975586e+01
7.332372665405273438e+00
1.026469492912292480e+01
1.010290288925170898e+01
2.425517559051513672e+01
7.336477756500244141e+00
2.859013676643371582e+01
3.655057954788208008e+01
3.371797657012939453e+01
1.979909682273864746e+01
2.070147681236267090e+01
2.713205742835998535e+01
1.020630669593811035e+01
1.069173502922058105e+01
1.325869488716125488e+01
2.041435217857360840e+01
1.005236220359802246e+01
8.939414262771606445e+00
1.500803971290588379e+01
9.455071687698364258e+00
1.625033807754516602e+01
1.381503105163574219e+01
2.583846569061279297e+00
6.344577312469482422e+00
7.628208398818969727e+00
1.093259191513061523e+01
7.722864627838134766e+00
9.643907070159912109e+00
7.792769670486450195e+00
6.930454492568969727e+00
9.171041011810302734e+00
5.222864627838134766e+00
1.460502552986145020e+01
8.448534727096557617e+00
1.160736608505249023e+01
6.300695896148681641e+00
8.611145257949829102e+00
2.896331787109375000e+00
5.702851295471191406e+00
1.067951440811157227e+01
8.912781476974487305e+00
1.099254298210144043e+01
8.892597436904907227e+00
9.019990205764770508e+00
1.217583608627319336e+01
7.586653470993041992e+00
9.521752119064331055e+00
1.010457682609558105e+01
1.067365241050720215e+01
1.007824397087097168e+01
1.112895393371582031e+01
1.191363668441772461e+01
1.238727450370788574e+01
1.465876698493957520e+01
2.358019137382507324e+01
8.384619951248168945e+00
1.216421723365783691e+01
8.946440458297729492e+00
1.039058589935302734e+01
1.360345411300659180e+01
1.852319598197937012e+01
9.769888639450073242e+00
7.069741249084472656e+00
1.168697953224182129e+01
4.213481664657592773e+00
5.599170207977294922e+00
8.323812961578369141e+00
7.213415861129760742e+00
3.084228992462158203e+00
5.100266933441162109e+00
4.018863439559936523e+00
6.623465538024902344e+00
6.442515134811401367e+00
2.204315495491027832e+01
2.774763727188110352e+01
2.559765434265136719e+01
1.181648492813110352e+01
9.389683246612548828e+00
2.709923243522644043e+01
1.346664190292358398e+01
1.600305771827697754e+01
2.366084694862365723e+01
2.250575351715087891e+01
5.808125734329223633e+00
6.943937778472900391e+00
1.097172021865844727e+01
9.101213455200195312e+00
5.007986068725585938e+00
7.731176376342773438e+00
4.886725425720214844e+00
6.580201625823974609e+00
4.889927864074707031e+00
7.935763835906982422e+00
1.467679023742675781e+01
1.225087976455688477e+01
1.204207324981689453e+01
7.171376705169677734e+00
1.339726233482360840e+01
5.846265244483947754e+01
8.654028415679931641e+00
1.178331899642944336e+01
1.543355536460876465e+01
3.416077208518981934e+01
1.051362109184265137e+01
1.632706308364868164e+01
3.109692358970642090e+01
2.787121248245239258e+01
2.360204935073852539e+01
8.987311840057373047e+00
1.749914145469665527e+01
2.266201949119567871e+01
9.188783645629882812e+00
1.133821606636047363e+01
6.503095149993896484e+00
1.096533036231994629e+01
2.359887003898620605e+01
1.756227636337280273e+01
2.221654295921325684e+01
3.431436514854431152e+01
4.451062154769897461e+01
1.603599905967712402e+01
1.815190577507019043e+01
3.449670791625976562e+01
1.403887724876403809e+01
6.217578172683715820e+00
8.908942937850952148e+00
1.118591332435607910e+01
6.309722185134887695e+00
3.670153141021728516e+00
7.892981767654418945e+00
8.032221078872680664e+00
1.184887790679931641e+01
7.867293357849121094e+00
5.819837331771850586e+00
1.072079658508300781e+01
5.898228406906127930e+00
9.546398162841796875e+00
6.956850290298461914e+00
9.802772521972656250e+00
1.119572925567626953e+01
1.500712895393371582e+01
4.185375928878784180e+00
7.439844369888305664e+00
7.235064029693603516e+00
3.385164737701416016e+00
1.238897013664245605e+01
1.319844508171081543e+01
1.152248406410217285e+01
9.951348304748535156e+00
1.038807702064514160e+01
5.582031965255737305e+00
6.944725990295410156e+00
1.061059761047363281e+01
8.053214073181152344e+00
4.004667282104492188e+00
8.678413629531860352e+00
5.554764986038208008e+00
1.128825211524963379e+01
1.507968735694885254e+01
7.896531581878662109e+00
4.726269721984863281e+00
7.861228942871093750e+00
8.894485712051391602e+00
1.781523466110229492e+01
2.443871426582336426e+01
1.374123096466064453e+01
1.927620887756347656e+01
8.727204799652099609e+00
3.245393228530883789e+01
2.198527097702026367e+01
1.051721549034118652e+01
7.960844278335571289e+00
8.793501853942871094e+00
7.205037593841552734e+00
1.834770011901855469e+01
7.758518218994140625e+00
7.218843936920166016e+00
1.069092416763305664e+01
1.514853000640869141e+01
9.140664815902709961e+00
8.830720424652099609e+00
1.319015288352966309e+01
2.326093578338623047e+01
5.766586303710937500e+00
7.464443206787109375e+00
7.968613862991333008e+00
2.565960168838500977e+00
9.432468652725219727e+00
1.105472588539123535e+01
7.083670377731323242e+00
1.144562363624572754e+01
9.757787466049194336e+00
1.860993576049804688e+01
9.403229713439941406e+00
4.809328317642211914e+00
1.072262215614318848e+01
1.277012014389038086e+01
9.474574565887451172e+00
3.879480743408203125e+01
2.206573295593261719e+01
1.653436183929443359e+01
1.036768937110900879e+01
9.114610433578491211e+00
2.207420778274536133e+01
8.419610261917114258e+00
1.572260737419128418e+01
9.565209865570068359e+00
1.907929944992065430e+01
2.671672224998474121e+01
2.586116313934326172e+01
5.959578132629394531e+01
1.230603241920471191e+01
1.893131065368652344e+01
1.018153309822082520e+01
9.418227434158325195e+00
1.448474264144897461e+01
1.152589368820190430e+01
1.616876244544982910e+01
1.348759484291076660e+01
5.565682172775268555e+00
1.008625936508178711e+01
9.007746934890747070e+00
9.743510484695434570e+00
2.042720341682434082e+01
6.397093296051025391e+00
1.975532817840576172e+01
2.051966476440429688e+01
1.039265680313110352e+01
1.004799675941467285e+01
1.217540073394775391e+01
6.404635906219482422e+00
9.437030315399169922e+00
1.457599377632141113e+01
4.702665090560913086e+00
6.456248521804809570e+00
8.065155982971191406e+00
4.382259607315063477e+00
7.445480346679687500e+00
7.131199121475219727e+00
1.339831566810607910e+01
1.215972924232482910e+01
3.909994125366210938e+00
8.939362764358520508e+00
1.257928252220153809e+01
9.533349752426147461e+00
6.681493043899536133e+00
8.574257135391235352e+00
6.355980157852172852e+00
1.176398110389709473e+01
1.226626944541931152e+01
7.985531568527221680e+00
1.290580987930297852e+01
1.085493731498718262e+01
3.670608997344970703e+01
9.023230934143066406e+01
7.770249915122985840e+01
6.309675455093383789e+00
1.477282309532165527e+01
3.061263823509216309e+01
2.145897722244262695e+01
4.206320738792419434e+01
2.372306752204895020e+01
1.443633365631103516e+01
1.389391016960144043e+01
5.290240669250488281e+01
5.181349492073059082e+01
3.203462839126586914e+01
2.482634782791137695e+01
1.387700605392456055e+01
1.060562515258789062e+01
2.653908514976501465e+01
5.169374227523803711e+01
3.599199867248535156e+01
6.137547492980957031e+00
7.486545801162719727e+00
1.280426120758056641e+01
8.716257572174072266e+00
6.651256799697875977e+00
9.105226278305053711e+00
5.381415605545043945e+00
7.554743766784667969e+00
2.868274211883544922e+00
6.768018960952758789e+00
6.604473829269409180e+00
5.617767572402954102e+00
3.805598592758178711e+01
1.440307831764221191e+01
1.146768951416015625e+01
6.469892740249633789e+00
1.273078584671020508e+01
1.417949700355529785e+01
1.380497455596923828e+01
4.962262248992919922e+01
1.108656001091003418e+01
9.762754678726196289e+00
7.538048982620239258e+00
5.551992654800415039e+00
1.621857786178588867e+01
1.647841024398803711e+01
1.489296102523803711e+01
4.786403656005859375e+00
1.087994670867919922e+01
1.704442667961120605e+01
4.047534465789794922e+00
7.707072019577026367e+00
1.283231997489929199e+01
6.565922975540161133e+00
2.339416265487670898e+00
1.137715315818786621e+01
7.482567548751831055e+00
8.786225318908691406e+00
1.115574264526367188e+01
5.461109399795532227e+00
1.016011261940002441e+01
6.346405506134033203e+00
6.774066448211669922e+00
1.044338417053222656e+01
7.981542587280273438e+00
1.213031721115112305e+01
9.803704500198364258e+00
6.788308858871459961e+00
1.271896290779113770e+01
6.238946437835693359e+00
3.234029293060302734e+01
8.099285125732421875e+00
2.465805745124816895e+01
4.093573331832885742e+01
1.547767925262451172e+01
3.020364570617675781e+01
3.736068987846374512e+01
1.543367934226989746e+01
1.166340708732604980e+01
2.366222929954528809e+01
8.631726741790771484e+00
7.583947181701660156e+00
1.435544753074645996e+01
1.287600183486938477e+01
1.009499526023864746e+01
8.251345157623291016e+00
6.450720548629760742e+00
5.980486869812011719e+00
4.565338611602783203e+00
8.930081129074096680e+00
1.442337417602539062e+01
4.091570138931274414e+00
1.397099876403808594e+01
5.249866962432861328e+00
6.743805646896362305e+00
1.043148016929626465e+01
5.249025344848632812e+00
1.256144738197326660e+01
6.559220075607299805e+00
7.561141252517700195e+00
1.740283083915710449e+01
1.037227201461791992e+01
7.887174129486083984e+00
8.877185344696044922e+00
1.158329796791076660e+01
6.286134481430053711e+00
1.451815867424011230e+01
6.364065647125244141e+00
7.942708253860473633e+00
1.074563789367675781e+01
7.624094009399414062e+00
1.085035204887390137e+01
6.945338964462280273e+00
1.600259065628051758e+00
1.678021669387817383e+01
7.510037422180175781e+00
9.091952562332153320e+00
5.619963645935058594e+00
3.730449676513671875e+00
4.969844818115234375e+00
1.546355223655700684e+01
5.864437341690063477e+00
4.484689235687255859e+00
8.267524480819702148e+00
1.538349676132202148e+01
3.609969139099121094e+00
7.513710260391235352e+00
1.046752476692199707e+01
1.262582278251647949e+01
6.989264011383056641e+00
1.113412356376647949e+01
1.176424026489257812e+01
1.454219198226928711e+01
6.102325916290283203e+00
7.690920352935791016e+00
6.266671419143676758e+00
6.940439224243164062e+00
1.561821627616882324e+01
1.013220667839050293e+01
1.012348127365112305e+01
2.267477750778198242e+00
6.152809381484985352e+00
4.049734354019165039e+00
7.237308740615844727e+00
8.648703098297119141e+00
1.072837781906127930e+01
6.353143930435180664e+00
6.466546297073364258e+00
1.524859786033630371e+01
8.080883026123046875e+00
4.122907638549804688e+00
3.337580919265747070e+00
1.016980838775634766e+01
1.045334720611572266e+01
8.434957265853881836e+00
9.589571475982666016e+00
1.264429783821105957e+01
7.695275068283081055e+00
7.290714502334594727e+00
3.494406461715698242e+00
7.131303787231445312e+00
4.058842658996582031e+00
1.279207491874694824e+01
6.636337518692016602e+00
7.454251766204833984e+00
4.073051214218139648e+00
1.004323554039001465e+01
2.856388807296752930e+00
1.559332060813903809e+01
4.191210985183715820e+00
5.668766021728515625e+00
5.948685884475708008e+00
1.247185564041137695e+01
4.200787544250488281e+00
5.523041486740112305e+00
7.425292491912841797e+00
5.359214782714843750e+00
6.848786115646362305e+00
9.721755027770996094e+00
9.885136127471923828e+00
1.228637552261352539e+01
6.902038335800170898e+00
2.217009186744689941e+01
7.226085186004638672e+00
4.283587694168090820e+00
8.932561874389648438e+00
6.787335395812988281e+00
6.457577705383300781e+00
9.545180320739746094e+00
9.851869344711303711e+00
5.656867265701293945e+00
6.206287860870361328e+00
9.671446800231933594e+00
1.033209729194641113e+01
5.217865228652954102e+00
4.120674371719360352e+00
1.981164383888244629e+01
1.012570619583129883e+01
9.562337636947631836e+00
9.157309532165527344e+00
6.132767915725708008e+00
1.044286322593688965e+01
1.511130595207214355e+01
6.360756158828735352e+00
6.931665658950805664e+00
5.625627994537353516e+00
9.019282341003417969e+00
7.516728162765502930e+00
8.467193603515625000e+00
1.072428441047668457e+01
4.979591608047485352e+00
5.842422962188720703e+00
4.027548313140869141e+00
8.600815057754516602e+00
3.204999923706054688e+00
6.899204015731811523e+00
1.191230797767639160e+01
7.591299533843994141e+00
8.068691968917846680e+00
4.580527544021606445e+00
1.729852223396301270e+01
1.465441060066223145e+01
9.263417243957519531e+00
2.029034519195556641e+01
1.318553256988525391e+01
2.469680857658386230e+01
8.625043153762817383e+00
4.699090003967285156e+00
4.942955255508422852e+00
1.118407869338989258e+01
1.029973602294921875e+01
1.764553236961364746e+01
1.416026353836059570e+01
1.641281294822692871e+01
2.877918505668640137e+01
1.959711670875549316e+01
4.360716485977172852e+01
1.467605113983154297e+01
1.127856373786926270e+01
1.314204478263854980e+01
7.221692323684692383e+00
6.765872478485107422e+00
1.407771301269531250e+01
1.015036535263061523e+01
8.012928247451782227e+00
6.378662109375000000e+00
1.106700778007507324e+01
1.287006855010986328e+01
9.974855661392211914e+00
1.274743771553039551e+01
1.027549552917480469e+01
1.100834202766418457e+01
1.444340324401855469e+01
1.069646644592285156e+01
1.062925505638122559e+01
1.002588701248168945e+01
1.388340401649475098e+01
1.748086428642272949e+01
8.667514085769653320e+00
7.391404390335083008e+00
6.923751115798950195e+00
1.909834408760070801e+01
7.750015497207641602e+00
5.801493644714355469e+00
8.189155817031860352e+00
7.530667543411254883e+00
9.224359273910522461e+00
9.654069662094116211e+00
4.161216974258422852e+00
1.924369812011718750e+01
2.874340534210205078e+00
9.446120262145996094e+00
5.912628173828125000e+00
5.513743638992309570e+00
5.945888042449951172e+00
5.964711427688598633e+00
1.499217319488525391e+01
5.946980237960815430e+00
1.570219707489013672e+01
1.250886893272399902e+01
6.174482583999633789e+00
1.237866997718811035e+01
1.321927571296691895e+01
1.822175431251525879e+01
5.252362251281738281e+00
1.069265103340148926e+01
9.941061258316040039e+00
2.975689077377319336e+01
1.495613145828247070e+01
7.930142879486083984e+00
1.462545919418334961e+01
1.797314953804016113e+01
2.173986554145812988e+01
1.469391012191772461e+01
1.940364146232604980e+01
1.871412730216979980e+01
1.387213444709777832e+01
1.074948906898498535e+01
1.621097207069396973e+01
1.251123762130737305e+01
1.493471813201904297e+01
2.390430521965026855e+01
6.069354438781738281e+01
9.020062899589538574e+01
1.827942538261413574e+01
1.602390480041503906e+01
1.557711505889892578e+01
1.175576519966125488e+01
1.125366783142089844e+01
9.870301246643066406e+00
9.290211677551269531e+00
6.466449260711669922e+00
6.543043613433837891e+00
9.780094861984252930e+00
9.294202089309692383e+00
1.125925683975219727e+01
1.548779726028442383e+01
1.318056273460388184e+01
1.194545936584472656e+01
1.172074818611145020e+01
9.616966009140014648e+00
1.007279777526855469e+01
1.089245462417602539e+01
9.338445425033569336e+00
1.148809146881103516e+01
5.766817808151245117e+00
7.917452573776245117e+00
5.774441480636596680e+00
6.570082902908325195e+00
7.354758977890014648e+00
9.146723508834838867e+00
1.401400661468505859e+01
6.858683824539184570e+00
1.325141501426696777e+01
1.444947910308837891e+01
1.214808630943298340e+01
8.748571634292602539e+00
1.356078386306762695e+01
1.033420419692993164e+01
1.343456959724426270e+01
1.160220885276794434e+01
2.912077903747558594e+00
1.192255330085754395e+01
8.973781585693359375e+00
7.701260328292846680e+00
8.301641225814819336e+00
1.098687267303466797e+01
5.574907064437866211e+00
1.292327260971069336e+01
9.378046274185180664e+00
1.162592601776123047e+01
5.876055002212524414e+00
8.211735248565673828e+00
1.028868603706359863e+01
9.719277143478393555e+00
5.964361667633056641e+00
8.552278518676757812e+00
1.222125434875488281e+01
1.118341517448425293e+01
3.916296958923339844e+00
4.672958374023437500e+00
5.513817787170410156e+00
1.234989619255065918e+01
6.463955163955688477e+00
5.933681488037109375e+00
5.427638292312622070e+00
1.074014997482299805e+01
7.857081890106201172e+00
3.795673847198486328e+00
7.779061317443847656e+00
8.129460334777832031e+00
1.636956572532653809e+01
1.176676726341247559e+01
1.588870739936828613e+01
1.510383987426757812e+01
1.798794913291931152e+01
1.255625891685485840e+01
1.430234813690185547e+01
1.042190551757812500e+01
1.089682531356811523e+01
5.635545730590820312e+00
7.772656202316284180e+00
7.187229871749877930e+00
1.408598303794860840e+01
7.601959228515625000e+00
9.037967920303344727e+00
1.085219097137451172e+01
8.242054939270019531e+00
5.113569974899291992e+00
8.453479528427124023e+00
1.195103788375854492e+01
1.225677442550659180e+01
2.208714795112609863e+01
7.353573083877563477e+00
8.757580757141113281e+00
1.092000794410705566e+01
8.097935199737548828e+00
1.150252461433410645e+01
9.287164449691772461e+00
1.203202056884765625e+01
6.489109039306640625e+00
9.235782861709594727e+00
1.389463806152343750e+01
1.452565574645996094e+01
1.466627144813537598e+01
1.590982007980346680e+01
7.270975828170776367e+00
1.046159744262695312e+01
1.495581221580505371e+01
6.366581439971923828e+00
