5.700000000000000000e+03
5.461000000000000000e+03
2.281000000000000000e+03
3.381000000000000000e+03
3.048000000000000000e+03
1.256000000000000000e+03
2.584000000000000000e+03
1.429000000000000000e+03
1.045000000000000000e+03
4.889000000000000000e+03
3.006000000000000000e+03
1.908000000000000000e+03
4.659000000000000000e+03
7.299000000000000000e+03
3.106000000000000000e+03
7.460000000000000000e+03
2.574000000000000000e+03
2.640000000000000000e+03
6.025000000000000000e+03
1.004000000000000000e+03
1.618000000000000000e+03
1.035000000000000000e+03
3.576000000000000000e+03
3.587000000000000000e+03
6.120000000000000000e+02
1.925000000000000000e+03
1.528000000000000000e+03
2.752000000000000000e+03
1.751000000000000000e+03
2.005000000000000000e+03
3.495000000000000000e+03
3.613000000000000000e+03
2.931000000000000000e+03
2.204000000000000000e+03
4.352000000000000000e+03
9.950000000000000000e+02
4.459000000000000000e+03
4.117000000000000000e+03
1.441000000000000000e+03
5.367000000000000000e+03
9.380000000000000000e+02
3.339000000000000000e+03
3.864000000000000000e+03
1.777000000000000000e+03
1.110000000000000000e+03
3.835000000000000000e+03
3.926000000000000000e+03
4.744000000000000000e+03
1.852000000000000000e+03
2.432000000000000000e+03
7.058000000000000000e+03
2.027000000000000000e+03
6.982000000000000000e+03
3.603000000000000000e+03
7.267000000000000000e+03
1.540000000000000000e+03
3.936000000000000000e+03
2.075000000000000000e+03
4.989000000000000000e+03
4.162000000000000000e+03
1.689000000000000000e+03
2.251000000000000000e+03
1.727000000000000000e+03
1.610000000000000000e+03
8.890000000000000000e+02
1.152000000000000000e+03
3.059000000000000000e+03
1.183000000000000000e+03
2.533000000000000000e+03
2.038000000000000000e+03
2.837000000000000000e+03
3.499000000000000000e+03
3.146000000000000000e+03
4.136000000000000000e+03
5.389000000000000000e+03
1.891000000000000000e+03
1.989000000000000000e+03
1.899000000000000000e+03
1.221000000000000000e+03
1.706000000000000000e+03
4.681000000000000000e+03
2.736000000000000000e+03
3.193000000000000000e+03
4.690000000000000000e+03
3.346000000000000000e+03
3.350000000000000000e+03
1.436000000000000000e+03
4.091000000000000000e+03
1.419000000000000000e+03
2.340000000000000000e+03
1.742000000000000000e+03
1.270000000000000000e+03
3.570000000000000000e+03
4.919000000000000000e+03
1.400000000000000000e+03
2.570000000000000000e+03
2.579000000000000000e+03
3.955000000000000000e+03
1.950000000000000000e+03
1.831000000000000000e+03
1.167000000000000000e+03
1.893000000000000000e+03
4.957000000000000000e+03
4.831000000000000000e+03
4.026000000000000000e+03
2.336000000000000000e+03
3.027000000000000000e+03
1.651000000000000000e+03
1.702000000000000000e+03
2.661000000000000000e+03
1.676000000000000000e+03
1.132000000000000000e+03
7.090000000000000000e+02
2.546000000000000000e+03
4.934000000000000000e+03
1.781000000000000000e+03
2.177000000000000000e+03
1.323000000000000000e+03
1.735000000000000000e+03
3.393000000000000000e+03
5.600000000000000000e+02
1.366000000000000000e+03
1.050000000000000000e+03
8.250000000000000000e+02
1.172000000000000000e+03
8.730000000000000000e+02
6.830000000000000000e+02
8.420000000000000000e+02
1.011000000000000000e+03
1.000000000000000000e+03
6.980000000000000000e+02
1.003000000000000000e+03
1.593000000000000000e+03
2.634000000000000000e+03
1.114000000000000000e+03
4.880000000000000000e+02
8.520000000000000000e+02
1.831000000000000000e+03
1.124000000000000000e+03
1.091000000000000000e+03
1.261000000000000000e+03
2.053000000000000000e+03
1.757000000000000000e+03
1.417000000000000000e+03
1.268000000000000000e+03
2.039000000000000000e+03
1.462000000000000000e+03
1.110000000000000000e+03
6.910000000000000000e+02
1.863000000000000000e+03
7.477000000000000000e+03
9.060000000000000000e+02
4.666000000000000000e+03
3.278000000000000000e+03
1.469000000000000000e+03
4.839000000000000000e+03
1.944000000000000000e+03
1.305000000000000000e+03
4.318000000000000000e+03
2.146000000000000000e+03
1.488000000000000000e+03
1.984000000000000000e+03
2.301000000000000000e+03
1.502000000000000000e+03
2.705000000000000000e+03
1.231000000000000000e+03
2.232000000000000000e+03
3.494000000000000000e+03
2.543000000000000000e+03
2.370000000000000000e+03
1.879000000000000000e+03
1.648000000000000000e+03
1.748000000000000000e+03
1.718000000000000000e+03
1.248000000000000000e+03
1.274000000000000000e+03
6.950000000000000000e+02
1.260000000000000000e+03
1.210000000000000000e+03
2.195000000000000000e+03
1.527000000000000000e+03
2.385000000000000000e+03
1.061000000000000000e+03
2.428000000000000000e+03
1.634000000000000000e+03
2.952000000000000000e+03
2.267000000000000000e+03
2.723000000000000000e+03
1.936000000000000000e+03
2.731000000000000000e+03
1.481000000000000000e+03
1.539000000000000000e+03
2.725000000000000000e+03
9.830000000000000000e+02
4.768000000000000000e+03
2.167000000000000000e+03
3.555000000000000000e+03
2.319000000000000000e+03
2.208000000000000000e+03
2.503000000000000000e+03
7.990000000000000000e+02
1.074000000000000000e+03
9.160000000000000000e+02
1.226000000000000000e+03
8.890000000000000000e+02
1.097000000000000000e+03
6.030000000000000000e+02
6.810000000000000000e+02
6.260000000000000000e+02
1.008000000000000000e+03
3.747000000000000000e+03
1.194000000000000000e+03
2.928000000000000000e+03
1.544000000000000000e+03
3.878000000000000000e+03
1.799000000000000000e+03
2.468000000000000000e+03
4.968000000000000000e+03
2.767000000000000000e+03
3.703000000000000000e+03
2.498000000000000000e+03
1.295000000000000000e+03
1.584000000000000000e+03
1.526000000000000000e+03
1.735000000000000000e+03
1.318000000000000000e+03
1.608000000000000000e+03
9.630000000000000000e+02
1.033000000000000000e+03
1.519000000000000000e+03
1.051000000000000000e+03
1.262000000000000000e+03
5.920000000000000000e+02
3.090000000000000000e+02
1.329000000000000000e+03
5.860000000000000000e+02
1.532000000000000000e+03
5.380000000000000000e+02
5.980000000000000000e+02
1.150000000000000000e+03
5.125000000000000000e+03
8.130000000000000000e+02
2.229000000000000000e+03
1.338000000000000000e+03
1.370000000000000000e+03
9.010000000000000000e+02
9.370000000000000000e+02
2.339000000000000000e+03
2.432000000000000000e+03
1.591000000000000000e+03
1.489000000000000000e+03
9.760000000000000000e+02
1.433000000000000000e+03
1.164000000000000000e+03
1.330000000000000000e+03
1.643000000000000000e+03
6.960000000000000000e+02
1.247000000000000000e+03
1.478000000000000000e+03
1.629000000000000000e+03
1.303000000000000000e+03
1.046000000000000000e+03
7.350000000000000000e+02
6.230000000000000000e+02
6.400000000000000000e+02
9.760000000000000000e+02
9.260000000000000000e+02
6.500000000000000000e+02
5.800000000000000000e+02
7.630000000000000000e+02
8.620000000000000000e+02
7.460000000000000000e+02
8.840000000000000000e+02
7.570000000000000000e+02
9.320000000000000000e+02
2.051000000000000000e+03
1.276000000000000000e+03
1.238000000000000000e+03
1.116000000000000000e+03
1.074000000000000000e+03
7.220000000000000000e+02
1.351000000000000000e+03
1.169000000000000000e+03
3.020000000000000000e+03
1.713000000000000000e+03
1.001000000000000000e+03
1.885000000000000000e+03
8.130000000000000000e+03
1.344000000000000000e+03
2.223000000000000000e+03
8.690000000000000000e+02
2.046000000000000000e+03
1.347000000000000000e+03
2.105000000000000000e+03
2.142000000000000000e+03
1.735000000000000000e+03
1.477000000000000000e+03
1.671000000000000000e+03
2.066000000000000000e+03
1.124000000000000000e+03
6.570000000000000000e+02
6.730000000000000000e+02
1.563000000000000000e+03
9.880000000000000000e+02
9.500000000000000000e+02
4.860000000000000000e+02
8.220000000000000000e+02
6.540000000000000000e+02
4.810000000000000000e+02
1.592000000000000000e+03
2.600000000000000000e+02
7.720000000000000000e+02
1.088000000000000000e+03
6.650000000000000000e+02
4.510000000000000000e+02
1.070000000000000000e+03
1.489000000000000000e+03
1.117000000000000000e+03
5.910000000000000000e+02
8.450000000000000000e+02
3.398000000000000000e+03
3.818000000000000000e+03
1.353000000000000000e+03
4.303000000000000000e+03
1.856000000000000000e+03
2.448000000000000000e+03
4.966000000000000000e+03
2.064000000000000000e+03
1.203000000000000000e+03
2.614000000000000000e+03
6.650000000000000000e+02
5.580000000000000000e+02
8.540000000000000000e+02
1.063000000000000000e+03
1.320000000000000000e+03
1.574000000000000000e+03
7.720000000000000000e+02
7.100000000000000000e+02
6.630000000000000000e+02
4.420000000000000000e+02
1.683000000000000000e+03
3.080000000000000000e+03
4.053000000000000000e+03
1.518000000000000000e+03
9.560000000000000000e+02
2.406000000000000000e+03
3.715000000000000000e+03
2.074000000000000000e+03
5.131000000000000000e+03
2.447000000000000000e+03
1.674000000000000000e+03
1.645000000000000000e+03
1.565000000000000000e+03
1.947000000000000000e+03
1.326000000000000000e+03
1.107000000000000000e+03
6.820000000000000000e+02
5.680000000000000000e+02
7.640000000000000000e+02
1.682000000000000000e+03
1.544000000000000000e+03
6.860000000000000000e+02
7.540000000000000000e+02
1.164000000000000000e+03
7.450000000000000000e+02
1.067000000000000000e+03
9.440000000000000000e+02
4.840000000000000000e+02
1.070000000000000000e+03
6.910000000000000000e+02
8.720000000000000000e+02
4.690000000000000000e+02
1.004000000000000000e+03
9.830000000000000000e+02
6.670000000000000000e+02
6.700000000000000000e+02
1.079000000000000000e+03
7.600000000000000000e+02
1.050000000000000000e+03
1.394000000000000000e+03
1.395000000000000000e+03
1.160000000000000000e+03
1.257000000000000000e+03
7.690000000000000000e+02
5.200000000000000000e+02
1.559000000000000000e+03
7.270000000000000000e+02
8.040000000000000000e+02
8.210000000000000000e+02
1.193000000000000000e+03
1.558000000000000000e+03
6.980000000000000000e+02
9.150000000000000000e+02
1.270000000000000000e+03
1.309000000000000000e+03
1.558000000000000000e+03
1.560000000000000000e+03
1.174000000000000000e+03
7.880000000000000000e+02
1.320000000000000000e+03
1.546000000000000000e+03
4.350000000000000000e+02
9.190000000000000000e+02
8.160000000000000000e+02
9.830000000000000000e+02
6.380000000000000000e+02
1.249000000000000000e+03
4.060000000000000000e+02
2.309000000000000000e+03
1.397000000000000000e+03
7.980000000000000000e+02
2.985000000000000000e+03
2.486000000000000000e+03
1.860000000000000000e+03
1.137000000000000000e+03
1.225000000000000000e+03
1.304000000000000000e+03
2.499000000000000000e+03
1.711000000000000000e+03
1.260000000000000000e+03
3.430000000000000000e+02
7.270000000000000000e+02
6.150000000000000000e+02
9.300000000000000000e+02
8.170000000000000000e+02
9.140000000000000000e+02
1.464000000000000000e+03
1.008000000000000000e+03
1.096000000000000000e+03
1.218000000000000000e+03
1.353000000000000000e+03
9.150000000000000000e+02
1.041000000000000000e+03
2.245000000000000000e+03
1.112000000000000000e+03
2.551000000000000000e+03
1.935000000000000000e+03
9.440000000000000000e+02
3.097000000000000000e+03
1.616000000000000000e+03
1.918000000000000000e+03
3.177000000000000000e+03
9.040000000000000000e+02
1.125000000000000000e+03
3.095000000000000000e+03
1.095000000000000000e+03
1.255000000000000000e+03
2.427000000000000000e+03
3.870000000000000000e+02
2.900000000000000000e+03
3.189000000000000000e+03
2.449000000000000000e+03
4.765000000000000000e+03
2.192000000000000000e+03
1.665000000000000000e+03
3.201000000000000000e+03
7.600000000000000000e+02
3.164000000000000000e+03
6.790000000000000000e+02
4.744000000000000000e+03
1.162000000000000000e+03
6.570000000000000000e+02
6.300000000000000000e+02
9.980000000000000000e+02
6.460000000000000000e+02
8.750000000000000000e+02
1.391000000000000000e+03
5.090000000000000000e+02
8.850000000000000000e+02
9.410000000000000000e+02
8.290000000000000000e+02
5.380000000000000000e+02
9.240000000000000000e+02
7.890000000000000000e+02
8.510000000000000000e+02
1.369000000000000000e+03
4.460000000000000000e+02
1.143000000000000000e+03
8.380000000000000000e+02
5.340000000000000000e+02
1.717000000000000000e+03
1.412000000000000000e+03
6.740000000000000000e+02
1.149000000000000000e+03
7.150000000000000000e+02
2.039000000000000000e+03
1.127000000000000000e+03
1.262000000000000000e+03
1.500000000000000000e+03
1.118000000000000000e+03
1.034000000000000000e+03
1.247000000000000000e+03
4.820000000000000000e+02
1.445000000000000000e+03
1.213000000000000000e+03
1.258000000000000000e+03
4.480000000000000000e+02
1.047000000000000000e+03
1.152000000000000000e+03
9.100000000000000000e+02
1.766000000000000000e+03
9.840000000000000000e+02
6.980000000000000000e+02
1.251000000000000000e+03
1.648000000000000000e+03
1.126000000000000000e+03
9.950000000000000000e+02
1.664000000000000000e+03
1.748000000000000000e+03
1.464000000000000000e+03
7.990000000000000000e+02
1.574000000000000000e+03
1.190000000000000000e+03
9.840000000000000000e+02
1.381000000000000000e+03
1.156000000000000000e+03
9.730000000000000000e+02
1.613000000000000000e+03
5.400000000000000000e+02
1.240000000000000000e+03
7.610000000000000000e+02
7.610000000000000000e+02
1.297000000000000000e+03
2.400000000000000000e+02
5.550000000000000000e+02
8.070000000000000000e+02
1.270000000000000000e+03
9.080000000000000000e+02
1.243000000000000000e+03
1.846000000000000000e+03
1.277000000000000000e+03
1.116000000000000000e+03
1.380000000000000000e+03
1.135000000000000000e+03
1.477000000000000000e+03
2.197000000000000000e+03
2.217000000000000000e+03
1.446000000000000000e+03
2.615000000000000000e+03
1.586000000000000000e+03
1.077000000000000000e+03
2.110000000000000000e+03
4.362000000000000000e+03
1.419000000000000000e+03
7.860000000000000000e+02
2.408000000000000000e+03
9.750000000000000000e+02
2.259000000000000000e+03
1.502000000000000000e+03
2.775000000000000000e+03
1.517000000000000000e+03
1.177000000000000000e+03
6.750000000000000000e+02
1.411000000000000000e+03
2.487000000000000000e+03
1.703000000000000000e+03
1.281000000000000000e+03
1.335000000000000000e+03
7.960000000000000000e+02
1.723000000000000000e+03
1.308000000000000000e+03
2.206000000000000000e+03
1.034000000000000000e+03
1.636000000000000000e+03
8.730000000000000000e+02
7.540000000000000000e+02
1.961000000000000000e+03
8.680000000000000000e+02
2.182000000000000000e+03
1.401000000000000000e+03
1.007000000000000000e+03
8.540000000000000000e+02
1.033000000000000000e+03
7.160000000000000000e+02
1.153000000000000000e+03
6.920000000000000000e+02
1.000000000000000000e+03
7.230000000000000000e+02
1.005000000000000000e+03
8.920000000000000000e+02
9.540000000000000000e+02
7.080000000000000000e+02
1.178000000000000000e+03
7.000000000000000000e+02
1.001000000000000000e+03
6.220000000000000000e+02
9.310000000000000000e+02
9.890000000000000000e+02
5.780000000000000000e+02
1.261000000000000000e+03
1.721000000000000000e+03
4.927000000000000000e+03
4.697000000000000000e+03
2.690000000000000000e+03
2.478000000000000000e+03
2.772000000000000000e+03
1.347000000000000000e+03
4.691000000000000000e+03
2.241000000000000000e+03
1.922000000000000000e+03
2.971000000000000000e+03
7.207000000000000000e+03
2.193000000000000000e+03
4.963000000000000000e+03
2.037000000000000000e+03
2.117000000000000000e+03
1.152000000000000000e+03
4.760000000000000000e+03
1.733000000000000000e+03
4.313000000000000000e+03
7.240000000000000000e+02
5.430000000000000000e+02
9.240000000000000000e+02
7.480000000000000000e+02
6.680000000000000000e+02
1.437000000000000000e+03
1.387000000000000000e+03
9.090000000000000000e+02
8.220000000000000000e+02
3.380000000000000000e+02
8.540000000000000000e+02
8.970000000000000000e+02
7.290000000000000000e+02
8.720000000000000000e+02
7.860000000000000000e+02
1.190000000000000000e+03
1.065000000000000000e+03
8.270000000000000000e+02
8.270000000000000000e+02
7.430000000000000000e+02
1.286000000000000000e+03
7.130000000000000000e+02
8.910000000000000000e+02
2.124000000000000000e+03
8.730000000000000000e+02
1.076000000000000000e+03
7.780000000000000000e+02
1.808000000000000000e+03
1.911000000000000000e+03
1.276000000000000000e+03
1.686000000000000000e+03
5.670000000000000000e+02
7.950000000000000000e+02
1.471000000000000000e+03
1.261000000000000000e+03
3.910000000000000000e+02
9.450000000000000000e+02
7.750000000000000000e+02
6.500000000000000000e+02
4.590000000000000000e+02
6.370000000000000000e+02
1.189000000000000000e+03
7.670000000000000000e+02
6.630000000000000000e+02
9.470000000000000000e+02
1.814000000000000000e+03
4.230000000000000000e+02
1.150000000000000000e+03
5.670000000000000000e+02
1.475000000000000000e+03
7.200000000000000000e+02
1.332000000000000000e+03
4.965000000000000000e+03
1.130000000000000000e+03
4.973000000000000000e+03
4.602000000000000000e+03
6.920000000000000000e+02
2.513000000000000000e+03
1.521000000000000000e+03
4.711000000000000000e+03
1.277000000000000000e+03
8.560000000000000000e+02
6.790000000000000000e+02
2.690000000000000000e+03
4.640000000000000000e+02
4.370000000000000000e+02
7.140000000000000000e+02
3.840000000000000000e+02
9.890000000000000000e+02
1.503000000000000000e+03
1.015000000000000000e+03
1.470000000000000000e+03
4.640000000000000000e+02
7.340000000000000000e+02
9.580000000000000000e+02
8.840000000000000000e+02
1.128000000000000000e+03
3.070000000000000000e+02
4.230000000000000000e+02
2.520000000000000000e+02
1.488000000000000000e+03
1.231000000000000000e+03
1.537000000000000000e+03
8.050000000000000000e+02
1.343000000000000000e+03
1.093000000000000000e+03
1.723000000000000000e+03
3.635000000000000000e+03
1.064000000000000000e+03
1.648000000000000000e+03
5.900000000000000000e+02
1.059000000000000000e+03
1.231000000000000000e+03
5.880000000000000000e+02
1.240000000000000000e+03
8.210000000000000000e+02
4.150000000000000000e+02
1.737000000000000000e+03
1.174000000000000000e+03
8.360000000000000000e+02
1.049000000000000000e+03
6.680000000000000000e+02
1.026000000000000000e+03
5.190000000000000000e+02
9.100000000000000000e+02
1.574000000000000000e+03
5.040000000000000000e+02
3.630000000000000000e+02
7.520000000000000000e+02
5.240000000000000000e+02
1.807000000000000000e+03
6.250000000000000000e+02
1.267000000000000000e+03
1.358000000000000000e+03
1.077000000000000000e+03
9.540000000000000000e+02
9.550000000000000000e+02
8.910000000000000000e+02
1.073000000000000000e+03
2.018000000000000000e+03
7.560000000000000000e+02
7.300000000000000000e+02
7.580000000000000000e+02
7.560000000000000000e+02
1.594000000000000000e+03
8.900000000000000000e+02
4.170000000000000000e+02
5.080000000000000000e+02
1.023000000000000000e+03
4.790000000000000000e+02
4.170000000000000000e+02
6.900000000000000000e+02
7.540000000000000000e+02
1.702000000000000000e+03
8.130000000000000000e+02
4.650000000000000000e+02
5.470000000000000000e+02
2.045000000000000000e+03
1.040000000000000000e+03
1.250000000000000000e+03
1.315000000000000000e+03
1.015000000000000000e+03
1.514000000000000000e+03
8.640000000000000000e+02
6.620000000000000000e+02
1.328000000000000000e+03
9.750000000000000000e+02
3.800000000000000000e+02
6.580000000000000000e+02
5.380000000000000000e+02
9.100000000000000000e+02
5.670000000000000000e+02
5.810000000000000000e+02
6.580000000000000000e+02
6.270000000000000000e+02
1.698000000000000000e+03
7.010000000000000000e+02
7.860000000000000000e+02
6.140000000000000000e+02
3.930000000000000000e+02
8.420000000000000000e+02
8.220000000000000000e+02
1.237000000000000000e+03
1.239000000000000000e+03
1.025000000000000000e+03
1.183000000000000000e+03
5.060000000000000000e+02
7.160000000000000000e+02
1.070000000000000000e+03
9.120000000000000000e+02
4.460000000000000000e+02
1.309000000000000000e+03
8.460000000000000000e+02
6.640000000000000000e+02
9.040000000000000000e+02
8.300000000000000000e+02
1.137000000000000000e+03
9.870000000000000000e+02
6.030000000000000000e+02
9.640000000000000000e+02
8.530000000000000000e+02
9.710000000000000000e+02
7.810000000000000000e+02
1.720000000000000000e+03
4.940000000000000000e+02
1.430000000000000000e+03
6.670000000000000000e+02
1.093000000000000000e+03
8.380000000000000000e+02
1.146000000000000000e+03
9.640000000000000000e+02
1.148000000000000000e+03
7.920000000000000000e+02
1.571000000000000000e+03
1.043000000000000000e+03
5.920000000000000000e+02
8.050000000000000000e+02
6.700000000000000000e+02
1.049000000000000000e+03
1.041000000000000000e+03
1.122000000000000000e+03
1.676000000000000000e+03
8.450000000000000000e+02
8.780000000000000000e+02
5.420000000000000000e+02
2.005000000000000000e+03
6.380000000000000000e+02
4.640000000000000000e+02
1.594000000000000000e+03
1.205000000000000000e+03
1.660000000000000000e+03
9.070000000000000000e+02
1.409000000000000000e+03
4.757000000000000000e+03
4.118000000000000000e+03
1.178000000000000000e+03
1.172000000000000000e+03
6.580000000000000000e+02
1.323000000000000000e+03
1.250000000000000000e+03
1.806000000000000000e+03
1.119000000000000000e+03
1.319000000000000000e+03
1.213000000000000000e+03
5.380000000000000000e+02
6.880000000000000000e+02
1.226000000000000000e+03
1.903000000000000000e+03
1.298000000000000000e+03
6.740000000000000000e+02
1.132000000000000000e+03
8.880000000000000000e+02
2.952000000000000000e+03
7.560000000000000000e+02
1.629000000000000000e+03
5.050000000000000000e+02
1.132000000000000000e+03
1.207000000000000000e+03
1.825000000000000000e+03
9.580000000000000000e+02
1.264000000000000000e+03
5.900000000000000000e+02
9.280000000000000000e+02
7.530000000000000000e+02
2.880000000000000000e+02
1.041000000000000000e+03
9.770000000000000000e+02
9.470000000000000000e+02
1.256000000000000000e+03
4.170000000000000000e+02
1.974000000000000000e+03
6.310000000000000000e+02
9.710000000000000000e+02
1.027000000000000000e+03
8.770000000000000000e+02
1.092000000000000000e+03
7.840000000000000000e+02
7.740000000000000000e+02
6.540000000000000000e+02
5.420000000000000000e+02
1.706000000000000000e+03
9.160000000000000000e+02
6.770000000000000000e+02
6.450000000000000000e+02
1.203000000000000000e+03
8.250000000000000000e+02
8.420000000000000000e+02
1.121000000000000000e+03
6.620000000000000000e+02
2.143000000000000000e+03
1.283000000000000000e+03
1.181000000000000000e+03
1.759000000000000000e+03
1.709000000000000000e+03
2.318000000000000000e+03
2.537000000000000000e+03
1.812000000000000000e+03
1.533000000000000000e+03
8.630000000000000000e+02
1.315000000000000000e+03
7.990000000000000000e+02
3.874000000000000000e+03
2.406000000000000000e+03
1.307000000000000000e+03
1.051000000000000000e+03
1.989000000000000000e+03
1.022000000000000000e+03
2.900000000000000000e+03
4.662000000000000000e+03
1.868000000000000000e+03
1.268000000000000000e+03
1.186000000000000000e+03
5.680000000000000000e+02
3.700000000000000000e+02
6.430000000000000000e+02
8.310000000000000000e+02
9.700000000000000000e+02
1.084000000000000000e+03
5.480000000000000000e+02
1.740000000000000000e+03
1.159000000000000000e+03
7.900000000000000000e+02
9.660000000000000000e+02
1.612000000000000000e+03
1.201000000000000000e+03
1.409000000000000000e+03
1.229000000000000000e+03
1.160000000000000000e+03
9.420000000000000000e+02
1.236000000000000000e+03
1.770000000000000000e+03
8.470000000000000000e+02
1.771000000000000000e+03
9.900000000000000000e+02
2.830000000000000000e+03
1.418000000000000000e+03
9.480000000000000000e+02
6.910000000000000000e+02
1.229000000000000000e+03
1.387000000000000000e+03
8.640000000000000000e+02
4.930000000000000000e+02
8.720000000000000000e+02
9.360000000000000000e+02
1.640000000000000000e+03
1.210000000000000000e+03
3.380000000000000000e+02
1.032000000000000000e+03
1.562000000000000000e+03
1.408000000000000000e+03
6.970000000000000000e+02
3.250000000000000000e+02
7.990000000000000000e+02
6.710000000000000000e+02
1.131000000000000000e+03
1.107000000000000000e+03
7.100000000000000000e+02
6.360000000000000000e+02
4.360000000000000000e+02
7.660000000000000000e+02
9.900000000000000000e+02
2.069000000000000000e+03
2.870000000000000000e+02
4.960000000000000000e+02
9.980000000000000000e+02
1.278000000000000000e+03
7.670000000000000000e+02
1.079000000000000000e+03
7.650000000000000000e+02
1.120000000000000000e+03
7.580000000000000000e+02
1.186000000000000000e+03
9.890000000000000000e+02
1.685000000000000000e+03
1.081000000000000000e+03
9.420000000000000000e+02
1.351000000000000000e+03
5.420000000000000000e+02
3.590000000000000000e+02
8.070000000000000000e+02
4.620000000000000000e+02
7.100000000000000000e+02
1.078000000000000000e+03
1.593000000000000000e+03
1.192000000000000000e+03
1.073000000000000000e+03
1.388000000000000000e+03
1.076000000000000000e+03
2.027000000000000000e+03
9.070000000000000000e+02
4.440000000000000000e+02
5.560000000000000000e+02
4.250000000000000000e+02
1.807000000000000000e+03
1.111000000000000000e+03
9.290000000000000000e+02
8.130000000000000000e+02
2.500000000000000000e+02
1.015000000000000000e+03
1.181000000000000000e+03
8.700000000000000000e+02
1.442000000000000000e+03
2.235000000000000000e+03
1.062000000000000000e+03
1.377000000000000000e+03
6.420000000000000000e+02
2.603000000000000000e+03
7.370000000000000000e+02
1.139000000000000000e+03
6.050000000000000000e+02
