6.067242789268493652e+01
7.476430988311767578e+01
7.620163345336914062e+01
4.418464112281799316e+01
2.066632866859436035e+01
5.733480668067932129e+01
6.516653108596801758e+01
2.836574792861938477e+01
3.019085526466369629e+01
7.723152136802673340e+01
7.526409888267517090e+01
6.147202610969543457e+01
4.796995759010314941e+01
4.445643496513366699e+01
4.199199819564819336e+01
7.473764777183532715e+01
4.691021227836608887e+01
5.551415657997131348e+01
1.145310783386230469e+01
4.990105175971984863e+01
3.102279114723205566e+01
4.125618314743041992e+01
3.389075899124145508e+01
3.571827983856201172e+01
3.525928783416748047e+01
3.744039034843444824e+01
4.920437932014465332e+01
4.054062700271606445e+01
3.756073737144470215e+01
3.903639078140258789e+01
6.239206790924072266e+01
7.460425686836242676e+01
3.414245057106018066e+01
2.339185214042663574e+01
4.129939603805541992e+01
2.851952338218688965e+01
7.398835492134094238e+01
6.010741496086120605e+01
2.677022838592529297e+01
4.347363638877868652e+01
3.699369740486145020e+01
9.022975850105285645e+01
8.151921701431274414e+01
4.735586500167846680e+01
3.311644148826599121e+01
5.767711877822875977e+01
4.444665431976318359e+01
3.770745205879211426e+01
3.271705913543701172e+01
4.485536980628967285e+01
2.637975430488586426e+01
3.310995531082153320e+01
6.961365938186645508e+00
2.647780752182006836e+01
2.413976144790649414e+01
5.244779992103576660e+01
7.829985094070434570e+01
5.336767053604125977e+01
9.340098619461059570e+00
4.604564094543457031e+01
5.717156767845153809e+01
1.876381897926330566e+01
9.005617690086364746e+01
3.450031471252441406e+01
5.396861672401428223e+01
1.161461210250854492e+01
3.351338744163513184e+01
3.069122862815856934e+01
4.033702993392944336e+01
3.753599047660827637e+01
2.316476726531982422e+01
4.196530199050903320e+01
5.107539129257202148e+01
6.450018382072448730e+01
4.808063912391662598e+01
1.887422585487365723e+01
5.077738094329833984e+01
4.123372244834899902e+01
2.784335374832153320e+01
5.896887516975402832e+01
6.022390818595886230e+01
6.588204097747802734e+01
6.552904796600341797e+01
3.619405746459960938e+01
8.810046291351318359e+01
2.366225409507751465e+01
8.488084292411804199e+01
6.914449048042297363e+01
2.962494087219238281e+01
7.824248290061950684e+01
5.202201318740844727e+01
5.104439258575439453e+01
4.383249902725219727e+01
4.889285922050476074e+01
3.865578174591064453e+01
2.245892763137817383e+01
4.607849907875061035e+01
9.002474308013916016e+01
4.520555543899536133e+01
5.079241013526916504e+01
2.537565255165100098e+01
5.432749938964843750e+01
6.790581798553466797e+01
4.471407985687255859e+01
9.037231755256652832e+01
3.724634909629821777e+01
4.050415468215942383e+01
5.486202788352966309e+01
4.089653325080871582e+01
3.374714136123657227e+01
4.311171340942382812e+01
5.108899450302124023e+01
1.560342788696289062e+01
4.383028340339660645e+01
5.317797780036926270e+01
3.088222765922546387e+01
3.361539340019226074e+01
3.542395687103271484e+01
9.009893655776977539e+01
5.220280385017395020e+01
2.884865045547485352e+01
6.384742021560668945e+01
6.484976434707641602e+01
9.017367267608642578e+01
3.043510413169860840e+01
4.158680891990661621e+01
2.428692460060119629e+01
2.863346648216247559e+01
3.286992764472961426e+01
8.838681983947753906e+01
4.157760334014892578e+01
6.214585447311401367e+01
2.075965237617492676e+01
3.504577302932739258e+01
4.206259250640869141e+01
1.170467519760131836e+01
4.689167213439941406e+01
8.413448262214660645e+01
5.840490031242370605e+01
8.349663138389587402e+01
3.441750860214233398e+01
2.018213891983032227e+01
7.959559965133666992e+01
7.912294197082519531e+01
2.772297620773315430e+01
5.413476991653442383e+01
3.069405198097229004e+01
2.950095200538635254e+01
4.424736499786376953e+01
4.721509480476379395e+01
7.080502986907958984e+01
5.565670561790466309e+01
5.184677553176879883e+01
3.334484028816223145e+01
4.846150088310241699e+01
3.040170645713806152e+01
3.027375721931457520e+01
6.029087185859680176e+01
7.240662670135498047e+01
4.865622401237487793e+01
5.383317542076110840e+01
4.039029192924499512e+01
4.399032020568847656e+01
3.997836327552795410e+01
4.734326338768005371e+01
4.611294460296630859e+01
4.823865962028503418e+01
5.746839261054992676e+01
9.001365303993225098e+01
3.329398655891418457e+01
3.918819808959960938e+01
5.426401853561401367e+01
1.774960470199584961e+01
2.414260506629943848e+01
7.951279449462890625e+01
2.540625834465026855e+01
4.072877311706542969e+01
2.665399789810180664e+01
5.932871651649475098e+01
4.098091793060302734e+01
4.836742663383483887e+01
7.170203113555908203e+01
7.873980426788330078e+01
8.373488569259643555e+01
4.817223024368286133e+01
3.432084560394287109e+01
5.643909955024719238e+01
3.930886268615722656e+01
4.567067170143127441e+01
7.003608679771423340e+01
2.102138328552246094e+01
9.021142530441284180e+01
6.616250967979431152e+01
9.006918501853942871e+01
9.026170754432678223e+01
8.875299239158630371e+01
4.116295194625854492e+01
6.335687303543090820e+01
5.595324158668518066e+01
4.056203651428222656e+01
4.063337564468383789e+01
4.059266781806945801e+01
3.316364026069641113e+01
5.489721488952636719e+01
9.001968383789062500e+01
4.655402660369873047e+01
3.334539675712585449e+01
5.524908256530761719e+01
6.726367306709289551e+01
4.528564429283142090e+01
6.269300436973571777e+01
8.669394111633300781e+01
2.666557288169860840e+01
3.281100463867187500e+01
5.473838615417480469e+01
8.486430811882019043e+01
3.458265566825866699e+01
7.018605494499206543e+01
1.823682904243469238e+01
7.242843842506408691e+01
6.727146267890930176e+01
3.326552677154541016e+01
5.539939236640930176e+01
9.033394360542297363e+01
4.954721593856811523e+01
7.210949802398681641e+01
9.016912722587585449e+01
9.023254060745239258e+01
6.163142466545104980e+01
8.132236433029174805e+01
2.942956805229187012e+01
6.094723463058471680e+01
5.281230616569519043e+01
4.087310743331909180e+01
2.092623376846313477e+01
4.714313435554504395e+01
4.573355364799499512e+01
8.159500551223754883e+01
5.594176197052001953e+01
3.029545617103576660e+01
4.634625840187072754e+01
3.823555779457092285e+01
7.276994228363037109e+01
6.266132521629333496e+01
4.331734490394592285e+01
2.935916996002197266e+01
6.034154105186462402e+01
6.794848823547363281e+01
1.764509701728820801e+01
9.018015384674072266e+01
2.038321328163146973e+01
7.506705832481384277e+01
5.191845321655273438e+01
2.553836703300476074e+01
2.603028678894042969e+01
7.082017946243286133e+01
3.451703214645385742e+01
7.574197602272033691e+01
6.281836843490600586e+01
8.691880750656127930e+01
4.861294770240783691e+01
2.938051605224609375e+01
3.059090828895568848e+01
4.707793807983398438e+01
6.270090246200561523e+01
5.243130850791931152e+01
4.821663093566894531e+01
9.031623029708862305e+01
9.009084081649780273e+01
1.588869237899780273e+01
9.000919222831726074e+01
4.614876508712768555e+01
3.621906757354736328e+01
6.756686234474182129e+01
2.793506693840026855e+01
9.024105572700500488e+01
9.025788068771362305e+01
2.997838449478149414e+01
8.001556348800659180e+01
2.575035834312438965e+01
7.170169043540954590e+01
4.478457951545715332e+01
7.032823991775512695e+01
2.881766796112060547e+01
6.213724875450134277e+01
5.432578277587890625e+01
3.456000351905822754e+01
6.045765781402587891e+01
3.649304413795471191e+01
3.537348556518554688e+01
5.989630675315856934e+01
6.846850466728210449e+01
1.338881063461303711e+01
6.319366741180419922e+01
6.838338541984558105e+01
8.689590215682983398e+00
3.721025609970092773e+01
4.865693378448486328e+01
9.004612255096435547e+01
6.412848520278930664e+01
7.560513043403625488e+01
2.769615292549133301e+01
5.586521005630493164e+01
4.174966263771057129e+01
4.363715362548828125e+01
5.854581809043884277e+01
9.021011352539062500e+01
9.012750172615051270e+01
8.447914481163024902e+01
4.082070541381835938e+01
2.510935187339782715e+01
4.852254676818847656e+01
3.855530738830566406e+01
4.462551188468933105e+01
4.340879750251770020e+01
3.982382035255432129e+01
8.936643528938293457e+01
3.401430916786193848e+01
4.364692211151123047e+00
6.106116700172424316e+01
3.020581316947937012e+01
4.760545325279235840e+01
3.004295587539672852e+01
3.682367110252380371e+01
5.796719932556152344e+01
1.097088932991027832e+01
4.627390027046203613e+01
4.002335071563720703e+01
3.831769013404846191e+01
2.902659058570861816e+01
4.383157730102539062e+01
6.548670172691345215e+01
5.909209489822387695e+01
3.366093254089355469e+01
6.633973240852355957e+01
2.686446499824523926e+01
1.825286793708801270e+01
4.930007338523864746e+01
4.927792096138000488e+01
2.489818453788757324e+01
4.842222094535827637e+01
9.031470918655395508e+01
5.513059186935424805e+01
5.111489725112915039e+01
6.122325849533081055e+01
3.525861024856567383e+01
4.166720008850097656e+01
9.018154621124267578e+01
3.872841453552246094e+01
1.520219182968139648e+01
5.175882291793823242e+01
6.612917232513427734e+01
6.397025918960571289e+01
5.799787878990173340e+01
5.670810365676879883e+01
3.262514138221740723e+01
8.673763108253479004e+01
4.993609452247619629e+01
2.044064331054687500e+01
5.502935552597045898e+01
4.611054015159606934e+01
3.014158439636230469e+01
6.472222304344177246e+01
6.201906681060791016e+01
3.286178159713745117e+01
8.867141294479370117e+01
2.788370132446289062e+01
5.724721956253051758e+01
5.466558456420898438e+01
3.495367765426635742e+01
2.604756164550781250e+01
5.831960678100585938e+01
7.388383221626281738e+01
5.108495211601257324e+01
4.845045065879821777e+01
6.374775576591491699e+01
2.687349057197570801e+01
5.221897697448730469e+01
3.411412143707275391e+01
6.374608230590820312e+01
3.174227333068847656e+01
5.891675448417663574e+01
9.020151376724243164e+01
8.868459749221801758e+01
7.632840228080749512e+01
1.888494181632995605e+01
5.708897352218627930e+01
2.800760746002197266e+01
3.326180529594421387e+01
4.893365979194641113e+01
4.708397102355957031e+01
6.342792725563049316e+01
1.626362228393554688e+01
2.924328255653381348e+01
6.370810484886169434e+01
6.404229283332824707e+01
2.813589644432067871e+01
5.646980690956115723e+01
4.427502536773681641e+01
5.110850143432617188e+01
7.125876593589782715e+01
8.691405129432678223e+01
5.503100013732910156e+01
8.777092742919921875e+01
4.003446149826049805e+01
6.974197268486022949e+01
9.011094999313354492e+01
3.363288402557373047e+01
4.063711380958557129e+01
7.205260610580444336e+01
9.003811001777648926e+01
6.202818894386291504e+01
6.099873900413513184e+01
3.401354765892028809e+01
5.379479598999023438e+01
5.609922647476196289e+01
3.115500330924987793e+01
3.032263493537902832e+01
4.502173948287963867e+01
6.713797974586486816e+01
3.871111965179443359e+01
5.000902080535888672e+01
5.378420114517211914e+01
3.243896079063415527e+01
3.519768977165222168e+01
4.472892737388610840e+01
4.227652859687805176e+01
1.984353590011596680e+01
3.630554223060607910e+01
6.771822929382324219e+01
8.992086148262023926e+01
4.487100052833557129e+01
1.350985813140869141e+01
3.996812677383422852e+01
4.218437099456787109e+01
8.078356266021728516e+01
9.001534986495971680e+01
5.345582914352416992e+01
1.313447713851928711e+01
6.222588706016540527e+01
5.069651055335998535e+01
4.820115828514099121e+01
3.784257102012634277e+01
7.031663227081298828e+01
1.657208728790283203e+01
3.376071000099182129e+01
7.354656744003295898e+01
9.022630023956298828e+01
3.412244606018066406e+01
7.827307820320129395e+01
9.043153023719787598e+01
4.323864340782165527e+01
5.975584483146667480e+01
2.636327314376831055e+01
3.642324447631835938e+01
5.795828914642333984e+01
7.724975991249084473e+01
8.853761696815490723e+01
4.440445947647094727e+01
6.000723338127136230e+01
3.455930280685424805e+01
4.760494208335876465e+01
6.383055758476257324e+01
6.133378863334655762e+01
6.791443657875061035e+01
4.283943700790405273e+01
3.391097879409790039e+01
2.503502941131591797e+01
1.973626160621643066e+01
4.600162625312805176e+01
6.663066053390502930e+01
3.620965671539306641e+01
5.024955534934997559e+01
3.588557124137878418e+01
2.777663087844848633e+01
8.084777998924255371e+01
3.825173473358154297e+01
4.207253885269165039e+01
2.498617506027221680e+01
7.469971847534179688e+01
4.053636670112609863e+01
5.056909847259521484e+01
9.033400464057922363e+01
7.888724923133850098e+01
6.062720036506652832e+01
6.486690497398376465e+01
6.620517492294311523e+01
7.714734673500061035e+01
3.740889215469360352e+01
5.147366476058959961e+01
6.556088948249816895e+01
6.369288349151611328e+01
3.678675985336303711e+01
4.168704247474670410e+01
3.827536058425903320e+01
3.601075196266174316e+01
3.856305408477783203e+01
4.416817474365234375e+01
2.369553208351135254e+01
7.549265336990356445e+01
7.771066188812255859e+01
2.506513929367065430e+01
3.361972451210021973e+01
3.415713047981262207e+01
2.234581565856933594e+01
4.256208539009094238e+01
6.092872595787048340e+01
2.759628844261169434e+01
2.531657624244689941e+01
3.352101230621337891e+01
2.747813606262207031e+01
3.073789715766906738e+01
3.293733525276184082e+01
2.390102791786193848e+01
3.733749818801879883e+01
5.970506668090820312e+01
5.129825615882873535e+01
4.632030844688415527e+01
4.217639517784118652e+01
3.252592086791992188e+01
2.747893142700195312e+01
6.240314126014709473e+01
6.175575566291809082e+01
7.688152909278869629e+01
6.005826687812805176e+01
5.019584393501281738e+01
8.592843723297119141e+01
6.677047419548034668e+01
9.016840958595275879e+01
8.610653805732727051e+01
3.774049115180969238e+01
6.225241589546203613e+01
6.107138133049011230e+01
5.945565700531005859e+01
6.579164481163024902e+01
4.761608982086181641e+01
8.949386429786682129e+01
8.070580625534057617e+01
6.955230402946472168e+01
5.982039213180541992e+01
3.529792165756225586e+01
3.071161556243896484e+01
5.011253809928894043e+01
5.529797673225402832e+01
1.250648784637451172e+01
6.213549280166625977e+01
7.578668618202209473e+01
4.522721266746520996e+01
3.041652345657348633e+01
3.675004577636718750e+01
8.339723610877990723e+01
7.211562395095825195e+00
3.965658617019653320e+01
1.610068702697753906e+01
2.052351951599121094e+01
5.462598562240600586e+01
6.009837484359741211e+01
5.663347458839416504e+01
6.078474068641662598e+01
6.554159998893737793e+01
4.008908939361572266e+01
3.706688952445983887e+01
2.141875171661376953e+01
1.568044424057006836e+01
5.291780543327331543e+01
2.314533734321594238e+01
7.418718814849853516e+01
4.917841863632202148e+01
2.485673475265502930e+01
4.274294018745422363e+01
6.470695900917053223e+01
3.673405551910400391e+01
4.572939443588256836e+01
5.284117603302001953e+01
3.720566153526306152e+01
7.311537957191467285e+01
9.012682223320007324e+01
2.633562302589416504e+01
3.303683805465698242e+01
5.228836631774902344e+01
2.829199242591857910e+01
5.739728903770446777e+01
2.481478834152221680e+01
2.981981921195983887e+01
7.472815728187561035e+01
3.241169142723083496e+01
5.784739279747009277e+01
3.564885973930358887e+01
3.321849179267883301e+01
5.215284800529479980e+01
2.306096100807189941e+01
5.547637486457824707e+01
6.868249940872192383e+01
1.175540351867675781e+01
5.653264021873474121e+01
3.904475450515747070e+01
7.210741996765136719e+01
6.103060269355773926e+01
4.214095878601074219e+01
5.863430643081665039e+01
3.723606896400451660e+01
3.137399888038635254e+01
4.546970272064208984e+01
7.859569907188415527e+01
7.698810100555419922e+01
4.189548802375793457e+01
2.839700889587402344e+01
7.178660249710083008e+01
5.166517829895019531e+01
3.009021353721618652e+01
2.975505900382995605e+01
9.042135858535766602e+01
2.255663180351257324e+01
6.691081285476684570e+01
4.129331469535827637e+01
5.078135395050048828e+01
4.202284526824951172e+01
3.907162022590637207e+01
4.051332402229309082e+01
2.836954450607299805e+01
3.467735075950622559e+01
4.700680828094482422e+01
6.036372041702270508e+01
4.651733994483947754e+01
2.490143108367919922e+01
5.871633839607238770e+01
1.722460079193115234e+01
9.103979825973510742e+00
2.490648245811462402e+01
5.262459206581115723e+01
2.188030028343200684e+01
4.967983651161193848e+01
7.575295853614807129e+01
4.192420268058776855e+01
6.369604802131652832e+01
4.377831602096557617e+01
5.556827950477600098e+01
3.325173401832580566e+01
2.800835323333740234e+01
2.455189275741577148e+01
6.965878462791442871e+01
3.167999196052551270e+01
9.032849168777465820e+01
1.813089156150817871e+01
9.004945158958435059e+01
3.832765412330627441e+01
1.515268635749816895e+01
9.015010619163513184e+01
7.497629141807556152e+01
4.883194088935852051e+01
5.634100270271301270e+01
6.566584849357604980e+01
4.995430397987365723e+01
6.606671833992004395e+01
2.660584712028503418e+01
2.619388818740844727e+01
1.358532953262329102e+01
3.979090380668640137e+01
2.019593214988708496e+01
6.748664617538452148e+01
6.749246358871459961e+01
7.886803388595581055e+01
7.821517848968505859e+01
4.058911275863647461e+01
9.027651333808898926e+01
7.065797805786132812e+01
8.476182532310485840e+01
4.098491001129150391e+01
5.962479758262634277e+01
6.623422002792358398e+01
5.683973550796508789e+01
2.558302593231201172e+01
4.503610134124755859e+01
1.817272257804870605e+01
3.368068695068359375e+01
2.997215819358825684e+01
5.015217399597167969e+01
7.328248381614685059e+01
3.366004538536071777e+01
2.603584694862365723e+01
3.486542749404907227e+01
4.924830913543701172e+01
2.538671040534973145e+01
6.679001736640930176e+01
4.312484836578369141e+01
4.460642123222351074e+01
7.240737199783325195e+01
4.515165376663208008e+01
5.608555078506469727e+01
5.976293706893920898e+01
5.681325197219848633e+01
4.832309174537658691e+01
3.975206947326660156e+01
9.038365650177001953e+01
3.630693387985229492e+01
2.940827345848083496e+01
7.391833758354187012e+01
5.000008130073547363e+01
2.805799818038940430e+01
9.045219278335571289e+01
3.900149488449096680e+01
3.024660468101501465e+01
6.547650480270385742e+01
4.109161639213562012e+01
7.182926535606384277e+01
6.371477556228637695e+01
4.522449040412902832e+01
2.577094292640686035e+01
4.273546433448791504e+01
6.580742478370666504e+01
3.905600953102111816e+01
2.428804707527160645e+01
2.682401967048645020e+01
8.111450672149658203e+01
6.579142689704895020e+01
8.832629036903381348e+01
4.628075575828552246e+01
9.969124794006347656e+00
2.579968857765197754e+01
2.563322663307189941e+01
9.001947808265686035e+01
3.176898145675659180e+01
5.318407893180847168e+01
2.911283683776855469e+01
4.265302705764770508e+01
3.546358013153076172e+01
4.252674484252929688e+01
4.486617875099182129e+01
7.095528554916381836e+01
7.586917686462402344e+01
4.682664227485656738e+01
3.104025006294250488e+01
9.023655676841735840e+01
4.930879950523376465e+01
2.188138103485107422e+01
3.236595916748046875e+01
5.951278281211853027e+01
1.710467386245727539e+01
6.433001351356506348e+01
4.911785697937011719e+01
2.517294526100158691e+01
2.754579854011535645e+01
3.010829591751098633e+01
4.535711097717285156e+01
4.325732970237731934e+01
6.106033086776733398e+01
9.033456301689147949e+01
3.858884668350219727e+01
8.110965466499328613e+01
4.495012569427490234e+01
2.589341759681701660e+01
1.706930565834045410e+01
5.543125963211059570e+01
7.821762061119079590e+01
9.025018477439880371e+01
4.972167253494262695e+01
2.564225935935974121e+01
8.423555707931518555e+01
2.606096172332763672e+01
4.943443441390991211e+01
5.638888573646545410e+01
4.378043437004089355e+01
4.927821230888366699e+01
3.617855739593505859e+01
2.469157671928405762e+01
3.946275591850280762e+01
1.930092549324035645e+01
7.985834169387817383e+01
8.235742807388305664e+01
3.900237989425659180e+01
3.684682679176330566e+01
3.238930153846740723e+01
5.313761258125305176e+01
3.436830830574035645e+01
1.841842341423034668e+01
3.179437851905822754e+01
3.739477300643920898e+01
3.318618392944335938e+01
9.358971118927001953e+00
2.713915491104125977e+01
8.409900021553039551e+01
6.337091064453125000e+01
9.030278658866882324e+01
7.940525746345520020e+01
6.169475221633911133e+01
3.950928688049316406e+01
5.081139278411865234e+01
8.658906841278076172e+01
5.320197677612304688e+01
1.587960982322692871e+01
4.946113729476928711e+01
4.980087280273437500e+01
6.822250556945800781e+01
1.880018258094787598e+01
9.032620310783386230e+01
2.054595279693603516e+01
2.995055627822875977e+01
3.962075233459472656e+01
2.003247928619384766e+01
2.087134623527526855e+01
1.517688155174255371e+01
3.131320095062255859e+01
2.306184577941894531e+01
4.712257671356201172e+01
2.939926457405090332e+01
5.870721411705017090e+01
2.253740000724792480e+01
3.529209542274475098e+01
3.889593958854675293e+01
2.991579222679138184e+01
5.052485370635986328e+01
9.017497611045837402e+01
3.537369728088378906e+01
4.959220600128173828e+01
3.102341365814208984e+01
3.793937587738037109e+01
5.052523231506347656e+01
5.759829568862915039e+01
8.990699982643127441e+01
9.018113136291503906e+01
1.918896698951721191e+01
3.828552627563476562e+01
2.631486225128173828e+01
4.840498280525207520e+01
4.046415376663208008e+01
3.339336895942687988e+01
4.580865788459777832e+01
4.605570673942565918e+01
7.215939235687255859e+01
4.617657303810119629e+01
3.264608573913574219e+01
4.804652333259582520e+01
8.404791283607482910e+01
5.472712993621826172e+01
4.390035986900329590e+01
4.941256165504455566e+01
5.649320554733276367e+01
3.681778764724731445e+01
5.968820381164550781e+01
9.015568566322326660e+01
4.266652154922485352e+01
6.971837997436523438e+01
5.950282669067382812e+01
4.900515699386596680e+01
5.481268310546875000e+01
2.138983607292175293e+01
7.868105649948120117e+01
2.714035964012145996e+01
2.110053586959838867e+01
5.893111824989318848e+01
6.588068962097167969e+01
1.706124639511108398e+01
3.658568048477172852e+01
5.131162190437316895e+01
6.188625144958496094e+01
1.257835769653320312e+01
4.457625293731689453e+01
1.485431122779846191e+01
5.025933742523193359e+01
6.241532421112060547e+01
4.371627116203308105e+01
3.937787413597106934e+01
7.380927801132202148e+01
6.454195022583007812e+01
2.872454881668090820e+01
1.634671926498413086e+01
1.995643591880798340e+01
5.635360550880432129e+01
3.127335667610168457e+01
8.322024440765380859e+01
2.837689018249511719e+01
2.993404555320739746e+01
6.890655374526977539e+01
5.383293628692626953e+01
9.037871551513671875e+01
2.766028070449829102e+01
5.773263692855834961e+01
4.852134108543395996e+01
4.435964322090148926e+01
3.119218468666076660e+01
6.734413337707519531e+01
1.772737145423889160e+01
8.108131456375122070e+01
4.597381258010864258e+01
5.158652663230895996e+01
8.511552119255065918e+01
3.872575426101684570e+01
5.713180541992187500e+01
2.670683979988098145e+01
4.714860200881958008e+01
4.280283284187316895e+01
4.265347981452941895e+01
2.439121365547180176e+01
3.289840793609619141e+01
3.155711936950683594e+01
4.468453907966613770e+01
2.339084100723266602e+01
5.243231773376464844e+01
1.782782745361328125e+01
1.742470502853393555e+01
6.199065041542053223e+01
5.240757441520690918e+01
2.587808966636657715e+01
2.600490427017211914e+01
1.545520281791687012e+01
6.453862500190734863e+01
6.355117559432983398e+01
2.227803206443786621e+01
2.080059194564819336e+01
2.072051286697387695e+01
2.780184125900268555e+01
6.564903593063354492e+01
3.585199594497680664e+01
5.557479786872863770e+01
5.776210761070251465e+01
4.260089373588562012e+01
1.781976175308227539e+01
3.303216624259948730e+01
7.093110585212707520e+01
3.591654634475708008e+01
2.102874803543090820e+01
9.028571343421936035e+01
6.891736888885498047e+01
5.769486474990844727e+01
2.745065617561340332e+01
3.624390101432800293e+01
5.157118058204650879e+01
5.807441139221191406e+01
7.580375909805297852e+01
5.441291928291320801e+01
3.175298976898193359e+01
4.444502067565917969e+01
5.700975775718688965e+01
3.380734848976135254e+01
3.681374001502990723e+01
6.330639362335205078e+01
1.907561445236206055e+01
3.374387931823730469e+01
2.519283485412597656e+01
6.013942861557006836e+01
5.651489353179931641e+01
8.833487534523010254e+01
4.542521142959594727e+01
9.007217955589294434e+01
4.004781675338745117e+01
3.394564580917358398e+01
7.138185596466064453e+01
8.056182265281677246e+01
6.111622595787048340e+01
2.604444456100463867e+01
3.072299027442932129e+01
8.030166554450988770e+01
3.784511971473693848e+01
7.016968035697937012e+01
4.407554030418395996e+01
8.638309431076049805e+01
7.570382738113403320e+01
4.242803955078125000e+01
4.450650119781494141e+01
8.641791605949401855e+01
2.189804434776306152e+01
5.032357096672058105e+01
3.868403220176696777e+01
3.956122589111328125e+01
6.230574941635131836e+01
1.761643838882446289e+01
2.429755926132202148e+01
2.019749879837036133e+01
8.865482473373413086e+01
5.229496741294860840e+01
8.948118209838867188e+00
7.903601193428039551e+01
5.847349739074707031e+01
4.574809241294860840e+01
3.584826016426086426e+01
5.947813773155212402e+01
4.720861291885375977e+01
8.772928714752197266e+00
5.566977214813232422e+01
5.045500087738037109e+01
