7.564000000000000000e+03
9.075000000000000000e+03
9.048000000000000000e+03
5.525000000000000000e+03
2.728000000000000000e+03
7.100000000000000000e+03
8.046000000000000000e+03
3.308000000000000000e+03
3.334000000000000000e+03
5.771000000000000000e+03
5.039000000000000000e+03
4.917000000000000000e+03
5.284000000000000000e+03
5.472000000000000000e+03
5.234000000000000000e+03
9.150000000000000000e+03
5.888000000000000000e+03
6.863000000000000000e+03
1.553000000000000000e+03
6.315000000000000000e+03
4.035000000000000000e+03
5.023000000000000000e+03
4.412000000000000000e+03
4.777000000000000000e+03
4.736000000000000000e+03
4.990000000000000000e+03
6.285000000000000000e+03
5.234000000000000000e+03
4.831000000000000000e+03
5.029000000000000000e+03
7.783000000000000000e+03
9.250000000000000000e+03
4.401000000000000000e+03
3.006000000000000000e+03
5.258000000000000000e+03
3.671000000000000000e+03
9.116000000000000000e+03
7.716000000000000000e+03
3.549000000000000000e+03
5.663000000000000000e+03
4.783000000000000000e+03
1.117500000000000000e+04
1.020800000000000000e+04
6.105000000000000000e+03
4.287000000000000000e+03
7.021000000000000000e+03
5.406000000000000000e+03
4.547000000000000000e+03
4.051000000000000000e+03
5.447000000000000000e+03
3.313000000000000000e+03
4.055000000000000000e+03
8.660000000000000000e+02
3.232000000000000000e+03
2.969000000000000000e+03
6.264000000000000000e+03
9.345000000000000000e+03
6.513000000000000000e+03
1.153000000000000000e+03
5.525000000000000000e+03
7.320000000000000000e+03
2.627000000000000000e+03
1.159200000000000000e+04
4.695000000000000000e+03
7.187000000000000000e+03
1.649000000000000000e+03
4.571000000000000000e+03
4.201000000000000000e+03
5.420000000000000000e+03
5.075000000000000000e+03
3.155000000000000000e+03
5.672000000000000000e+03
6.552000000000000000e+03
7.906000000000000000e+03
6.054000000000000000e+03
2.458000000000000000e+03
6.506000000000000000e+03
5.190000000000000000e+03
3.576000000000000000e+03
7.330000000000000000e+03
7.613000000000000000e+03
7.991000000000000000e+03
8.028000000000000000e+03
4.536000000000000000e+03
1.053600000000000000e+04
3.105000000000000000e+03
1.029200000000000000e+04
8.514000000000000000e+03
3.939000000000000000e+03
9.392000000000000000e+03
6.512000000000000000e+03
6.491000000000000000e+03
5.597000000000000000e+03
6.097000000000000000e+03
5.141000000000000000e+03
2.997000000000000000e+03
5.778000000000000000e+03
9.998000000000000000e+03
5.898000000000000000e+03
6.545000000000000000e+03
3.333000000000000000e+03
6.931000000000000000e+03
8.280000000000000000e+03
5.746000000000000000e+03
1.038000000000000000e+04
4.890000000000000000e+03
5.301000000000000000e+03
6.899000000000000000e+03
5.213000000000000000e+03
4.412000000000000000e+03
5.588000000000000000e+03
6.528000000000000000e+03
2.071000000000000000e+03
5.646000000000000000e+03
6.897000000000000000e+03
4.119000000000000000e+03
4.338000000000000000e+03
4.617000000000000000e+03
1.118800000000000000e+04
6.707000000000000000e+03
3.775000000000000000e+03
7.975000000000000000e+03
8.154000000000000000e+03
1.104900000000000000e+04
3.930000000000000000e+03
5.332000000000000000e+03
3.200000000000000000e+03
3.811000000000000000e+03
4.286000000000000000e+03
1.080200000000000000e+04
5.087000000000000000e+03
7.768000000000000000e+03
2.679000000000000000e+03
4.439000000000000000e+03
5.292000000000000000e+03
1.545000000000000000e+03
5.939000000000000000e+03
1.020200000000000000e+04
7.298000000000000000e+03
1.022600000000000000e+04
4.358000000000000000e+03
2.555000000000000000e+03
9.663000000000000000e+03
9.554000000000000000e+03
3.555000000000000000e+03
6.734000000000000000e+03
3.349000000000000000e+03
3.338000000000000000e+03
4.991000000000000000e+03
5.380000000000000000e+03
7.455000000000000000e+03
5.788000000000000000e+03
5.474000000000000000e+03
3.810000000000000000e+03
5.990000000000000000e+03
3.895000000000000000e+03
3.920000000000000000e+03
7.598000000000000000e+03
8.877000000000000000e+03
6.249000000000000000e+03
6.781000000000000000e+03
5.100000000000000000e+03
5.265000000000000000e+03
4.712000000000000000e+03
5.622000000000000000e+03
5.608000000000000000e+03
5.877000000000000000e+03
6.246000000000000000e+03
9.875000000000000000e+03
4.216000000000000000e+03
4.959000000000000000e+03
6.891000000000000000e+03
2.405000000000000000e+03
3.153000000000000000e+03
9.632000000000000000e+03
3.367000000000000000e+03
5.174000000000000000e+03
3.432000000000000000e+03
7.358000000000000000e+03
5.112000000000000000e+03
5.867000000000000000e+03
8.573000000000000000e+03
9.499000000000000000e+03
1.002200000000000000e+04
6.080000000000000000e+03
4.252000000000000000e+03
7.088000000000000000e+03
4.794000000000000000e+03
5.675000000000000000e+03
8.934000000000000000e+03
2.624000000000000000e+03
1.052900000000000000e+04
8.008000000000000000e+03
1.037900000000000000e+04
1.046200000000000000e+04
1.076800000000000000e+04
5.137000000000000000e+03
7.651000000000000000e+03
6.803000000000000000e+03
4.870000000000000000e+03
5.113000000000000000e+03
5.202000000000000000e+03
4.183000000000000000e+03
6.672000000000000000e+03
1.061700000000000000e+04
5.895000000000000000e+03
4.457000000000000000e+03
6.885000000000000000e+03
8.321000000000000000e+03
5.869000000000000000e+03
7.776000000000000000e+03
1.041600000000000000e+04
3.499000000000000000e+03
4.222000000000000000e+03
6.973000000000000000e+03
1.022800000000000000e+04
4.424000000000000000e+03
8.484000000000000000e+03
2.457000000000000000e+03
8.904000000000000000e+03
8.580000000000000000e+03
4.393000000000000000e+03
7.105000000000000000e+03
1.062400000000000000e+04
6.186000000000000000e+03
9.036000000000000000e+03
1.140800000000000000e+04
1.087600000000000000e+04
7.939000000000000000e+03
9.975000000000000000e+03
3.947000000000000000e+03
7.753000000000000000e+03
6.920000000000000000e+03
5.318000000000000000e+03
2.731000000000000000e+03
5.913000000000000000e+03
5.851000000000000000e+03
1.005700000000000000e+04
6.984000000000000000e+03
3.984000000000000000e+03
5.780000000000000000e+03
4.994000000000000000e+03
8.830000000000000000e+03
7.712000000000000000e+03
5.647000000000000000e+03
3.882000000000000000e+03
7.297000000000000000e+03
8.407000000000000000e+03
2.382000000000000000e+03
1.092100000000000000e+04
2.611000000000000000e+03
9.193000000000000000e+03
6.504000000000000000e+03
3.245000000000000000e+03
3.373000000000000000e+03
8.551000000000000000e+03
4.383000000000000000e+03
9.383000000000000000e+03
7.790000000000000000e+03
1.059000000000000000e+04
6.154000000000000000e+03
3.816000000000000000e+03
3.893000000000000000e+03
6.193000000000000000e+03
7.661000000000000000e+03
6.654000000000000000e+03
5.916000000000000000e+03
1.070200000000000000e+04
1.083800000000000000e+04
2.093000000000000000e+03
1.044000000000000000e+04
5.636000000000000000e+03
4.533000000000000000e+03
8.077000000000000000e+03
3.465000000000000000e+03
1.042600000000000000e+04
1.051400000000000000e+04
3.957000000000000000e+03
9.709000000000000000e+03
3.296000000000000000e+03
8.586000000000000000e+03
5.769000000000000000e+03
8.487000000000000000e+03
3.713000000000000000e+03
7.791000000000000000e+03
7.055000000000000000e+03
4.579000000000000000e+03
7.542000000000000000e+03
4.620000000000000000e+03
4.466000000000000000e+03
7.312000000000000000e+03
8.577000000000000000e+03
1.764000000000000000e+03
7.957000000000000000e+03
8.472000000000000000e+03
1.100000000000000000e+03
4.921000000000000000e+03
6.040000000000000000e+03
1.079000000000000000e+04
8.102000000000000000e+03
9.109000000000000000e+03
3.548000000000000000e+03
7.126000000000000000e+03
5.282000000000000000e+03
5.560000000000000000e+03
7.240000000000000000e+03
1.067500000000000000e+04
1.064200000000000000e+04
1.013200000000000000e+04
5.167000000000000000e+03
3.367000000000000000e+03
6.083000000000000000e+03
5.080000000000000000e+03
5.801000000000000000e+03
5.454000000000000000e+03
5.028000000000000000e+03
1.079400000000000000e+04
4.289000000000000000e+03
5.540000000000000000e+02
7.628000000000000000e+03
3.881000000000000000e+03
5.952000000000000000e+03
3.915000000000000000e+03
4.633000000000000000e+03
7.324000000000000000e+03
1.454000000000000000e+03
5.911000000000000000e+03
5.286000000000000000e+03
4.814000000000000000e+03
3.681000000000000000e+03
5.529000000000000000e+03
8.057000000000000000e+03
7.577000000000000000e+03
4.333000000000000000e+03
8.257000000000000000e+03
3.559000000000000000e+03
2.396000000000000000e+03
6.114000000000000000e+03
6.298000000000000000e+03
3.241000000000000000e+03
6.177000000000000000e+03
1.068400000000000000e+04
6.874000000000000000e+03
6.443000000000000000e+03
7.384000000000000000e+03
4.423000000000000000e+03
5.105000000000000000e+03
1.077100000000000000e+04
4.931000000000000000e+03
1.893000000000000000e+03
6.376000000000000000e+03
7.939000000000000000e+03
7.959000000000000000e+03
7.072000000000000000e+03
6.839000000000000000e+03
4.057000000000000000e+03
9.566000000000000000e+03
5.683000000000000000e+03
2.459000000000000000e+03
6.355000000000000000e+03
5.428000000000000000e+03
3.585000000000000000e+03
7.874000000000000000e+03
7.713000000000000000e+03
4.231000000000000000e+03
1.078300000000000000e+04
3.662000000000000000e+03
7.347000000000000000e+03
6.874000000000000000e+03
4.462000000000000000e+03
3.389000000000000000e+03
7.272000000000000000e+03
9.138000000000000000e+03
6.769000000000000000e+03
6.384000000000000000e+03
7.095000000000000000e+03
3.200000000000000000e+03
5.918000000000000000e+03
3.942000000000000000e+03
7.172000000000000000e+03
3.723000000000000000e+03
6.568000000000000000e+03
9.797000000000000000e+03
9.526000000000000000e+03
9.097000000000000000e+03
2.599000000000000000e+03
7.439000000000000000e+03
3.746000000000000000e+03
4.293000000000000000e+03
6.043000000000000000e+03
6.080000000000000000e+03
8.100000000000000000e+03
2.134000000000000000e+03
3.770000000000000000e+03
8.039000000000000000e+03
8.176000000000000000e+03
3.746000000000000000e+03
7.035000000000000000e+03
5.599000000000000000e+03
6.455000000000000000e+03
8.617000000000000000e+03
1.064900000000000000e+04
7.122000000000000000e+03
1.067700000000000000e+04
5.205000000000000000e+03
8.753000000000000000e+03
1.109300000000000000e+04
4.312000000000000000e+03
5.193000000000000000e+03
8.901000000000000000e+03
1.083200000000000000e+04
7.646000000000000000e+03
7.444000000000000000e+03
4.462000000000000000e+03
6.495000000000000000e+03
6.940000000000000000e+03
4.141000000000000000e+03
3.951000000000000000e+03
5.842000000000000000e+03
8.634000000000000000e+03
5.148000000000000000e+03
6.306000000000000000e+03
6.601000000000000000e+03
4.173000000000000000e+03
4.671000000000000000e+03
5.965000000000000000e+03
5.365000000000000000e+03
2.536000000000000000e+03
4.695000000000000000e+03
8.515000000000000000e+03
1.077800000000000000e+04
5.474000000000000000e+03
1.712000000000000000e+03
5.035000000000000000e+03
5.626000000000000000e+03
9.664000000000000000e+03
1.080000000000000000e+04
6.806000000000000000e+03
1.723000000000000000e+03
7.510000000000000000e+03
6.612000000000000000e+03
6.146000000000000000e+03
4.671000000000000000e+03
8.723000000000000000e+03
2.189000000000000000e+03
4.472000000000000000e+03
8.907000000000000000e+03
1.113700000000000000e+04
4.632000000000000000e+03
9.882000000000000000e+03
1.103000000000000000e+04
5.537000000000000000e+03
7.524000000000000000e+03
3.473000000000000000e+03
4.680000000000000000e+03
7.324000000000000000e+03
9.352000000000000000e+03
1.082200000000000000e+04
5.708000000000000000e+03
7.625000000000000000e+03
4.358000000000000000e+03
6.069000000000000000e+03
7.991000000000000000e+03
7.672000000000000000e+03
8.479000000000000000e+03
5.449000000000000000e+03
4.425000000000000000e+03
3.307000000000000000e+03
2.560000000000000000e+03
5.823000000000000000e+03
8.252000000000000000e+03
4.688000000000000000e+03
6.088000000000000000e+03
4.485000000000000000e+03
3.463000000000000000e+03
9.764000000000000000e+03
4.959000000000000000e+03
5.364000000000000000e+03
3.451000000000000000e+03
9.474000000000000000e+03
5.172000000000000000e+03
6.675000000000000000e+03
1.154500000000000000e+04
9.717000000000000000e+03
7.551000000000000000e+03
8.346000000000000000e+03
8.175000000000000000e+03
8.951000000000000000e+03
4.929000000000000000e+03
6.656000000000000000e+03
7.423000000000000000e+03
7.812000000000000000e+03
4.764000000000000000e+03
5.368000000000000000e+03
4.941000000000000000e+03
4.591000000000000000e+03
4.863000000000000000e+03
5.697000000000000000e+03
3.113000000000000000e+03
8.751000000000000000e+03
9.005000000000000000e+03
3.013000000000000000e+03
4.103000000000000000e+03
4.236000000000000000e+03
2.833000000000000000e+03
5.153000000000000000e+03
7.349000000000000000e+03
3.462000000000000000e+03
3.136000000000000000e+03
4.165000000000000000e+03
3.413000000000000000e+03
3.988000000000000000e+03
4.174000000000000000e+03
3.175000000000000000e+03
4.806000000000000000e+03
7.397000000000000000e+03
6.393000000000000000e+03
5.782000000000000000e+03
5.250000000000000000e+03
4.254000000000000000e+03
3.632000000000000000e+03
7.730000000000000000e+03
7.743000000000000000e+03
9.273000000000000000e+03
7.354000000000000000e+03
6.264000000000000000e+03
9.877000000000000000e+03
7.820000000000000000e+03
1.089000000000000000e+04
1.019900000000000000e+04
4.838000000000000000e+03
7.759000000000000000e+03
7.511000000000000000e+03
7.364000000000000000e+03
8.246000000000000000e+03
6.191000000000000000e+03
1.064200000000000000e+04
9.627000000000000000e+03
8.848000000000000000e+03
7.588000000000000000e+03
4.492000000000000000e+03
3.935000000000000000e+03
6.298000000000000000e+03
6.895000000000000000e+03
1.700000000000000000e+03
7.798000000000000000e+03
9.310000000000000000e+03
5.688000000000000000e+03
3.874000000000000000e+03
4.708000000000000000e+03
1.007400000000000000e+04
9.680000000000000000e+02
5.023000000000000000e+03
2.109000000000000000e+03
2.762000000000000000e+03
7.003000000000000000e+03
7.626000000000000000e+03
7.190000000000000000e+03
7.610000000000000000e+03
8.159000000000000000e+03
5.174000000000000000e+03
4.702000000000000000e+03
2.837000000000000000e+03
2.058000000000000000e+03
6.851000000000000000e+03
3.185000000000000000e+03
9.017000000000000000e+03
6.265000000000000000e+03
3.272000000000000000e+03
5.531000000000000000e+03
8.340000000000000000e+03
4.968000000000000000e+03
6.026000000000000000e+03
6.861000000000000000e+03
4.842000000000000000e+03
9.283000000000000000e+03
1.086200000000000000e+04
3.538000000000000000e+03
4.362000000000000000e+03
6.675000000000000000e+03
3.813000000000000000e+03
7.387000000000000000e+03
3.173000000000000000e+03
3.913000000000000000e+03
9.103000000000000000e+03
4.070000000000000000e+03
7.425000000000000000e+03
4.712000000000000000e+03
4.380000000000000000e+03
6.484000000000000000e+03
3.064000000000000000e+03
7.134000000000000000e+03
8.354000000000000000e+03
1.541000000000000000e+03
7.283000000000000000e+03
5.083000000000000000e+03
8.761000000000000000e+03
7.659000000000000000e+03
5.519000000000000000e+03
7.489000000000000000e+03
4.656000000000000000e+03
4.082000000000000000e+03
5.713000000000000000e+03
9.389000000000000000e+03
9.503000000000000000e+03
5.396000000000000000e+03
3.698000000000000000e+03
8.771000000000000000e+03
6.557000000000000000e+03
3.867000000000000000e+03
3.986000000000000000e+03
1.076100000000000000e+04
2.984000000000000000e+03
8.234000000000000000e+03
5.485000000000000000e+03
6.535000000000000000e+03
5.267000000000000000e+03
5.153000000000000000e+03
5.182000000000000000e+03
3.702000000000000000e+03
4.573000000000000000e+03
5.975000000000000000e+03
7.374000000000000000e+03
5.769000000000000000e+03
3.151000000000000000e+03
7.226000000000000000e+03
2.186000000000000000e+03
1.133000000000000000e+03
3.378000000000000000e+03
6.654000000000000000e+03
2.923000000000000000e+03
6.396000000000000000e+03
9.395000000000000000e+03
5.309000000000000000e+03
7.841000000000000000e+03
5.454000000000000000e+03
6.713000000000000000e+03
4.206000000000000000e+03
3.568000000000000000e+03
3.249000000000000000e+03
8.517000000000000000e+03
4.020000000000000000e+03
1.102500000000000000e+04
2.434000000000000000e+03
1.061000000000000000e+04
5.018000000000000000e+03
2.052000000000000000e+03
1.055200000000000000e+04
9.278000000000000000e+03
6.372000000000000000e+03
7.217000000000000000e+03
8.022000000000000000e+03
6.333000000000000000e+03
8.448000000000000000e+03
3.359000000000000000e+03
3.257000000000000000e+03
1.851000000000000000e+03
5.215000000000000000e+03
2.668000000000000000e+03
8.541000000000000000e+03
8.310000000000000000e+03
9.631000000000000000e+03
9.478000000000000000e+03
5.026000000000000000e+03
1.060400000000000000e+04
8.507000000000000000e+03
1.007500000000000000e+04
5.146000000000000000e+03
7.293000000000000000e+03
7.996000000000000000e+03
7.077000000000000000e+03
3.239000000000000000e+03
5.669000000000000000e+03
2.344000000000000000e+03
4.221000000000000000e+03
3.834000000000000000e+03
6.530000000000000000e+03
8.836000000000000000e+03
4.299000000000000000e+03
3.365000000000000000e+03
4.391000000000000000e+03
6.180000000000000000e+03
3.294000000000000000e+03
8.031000000000000000e+03
5.321000000000000000e+03
5.537000000000000000e+03
8.775000000000000000e+03
5.668000000000000000e+03
6.771000000000000000e+03
7.371000000000000000e+03
7.180000000000000000e+03
5.960000000000000000e+03
4.967000000000000000e+03
1.070900000000000000e+04
4.665000000000000000e+03
3.615000000000000000e+03
9.221000000000000000e+03
6.496000000000000000e+03
3.605000000000000000e+03
1.082000000000000000e+04
5.077000000000000000e+03
3.988000000000000000e+03
7.924000000000000000e+03
5.226000000000000000e+03
8.731000000000000000e+03
7.953000000000000000e+03
5.855000000000000000e+03
3.474000000000000000e+03
5.535000000000000000e+03
8.174000000000000000e+03
4.936000000000000000e+03
3.210000000000000000e+03
3.528000000000000000e+03
9.924000000000000000e+03
7.968000000000000000e+03
1.057100000000000000e+04
6.087000000000000000e+03
1.391000000000000000e+03
3.469000000000000000e+03
3.305000000000000000e+03
1.098100000000000000e+04
4.030000000000000000e+03
6.595000000000000000e+03
3.798000000000000000e+03
5.583000000000000000e+03
4.659000000000000000e+03
5.551000000000000000e+03
5.814000000000000000e+03
8.621000000000000000e+03
9.269000000000000000e+03
5.981000000000000000e+03
4.003000000000000000e+03
1.096500000000000000e+04
6.367000000000000000e+03
2.821000000000000000e+03
4.264000000000000000e+03
7.625000000000000000e+03
2.351000000000000000e+03
7.866000000000000000e+03
6.090000000000000000e+03
3.411000000000000000e+03
3.633000000000000000e+03
4.052000000000000000e+03
5.950000000000000000e+03
5.652000000000000000e+03
7.504000000000000000e+03
1.069400000000000000e+04
5.090000000000000000e+03
9.772000000000000000e+03
5.682000000000000000e+03
3.388000000000000000e+03
2.347000000000000000e+03
7.107000000000000000e+03
9.473000000000000000e+03
1.103000000000000000e+04
6.356000000000000000e+03
3.357000000000000000e+03
1.014300000000000000e+04
3.438000000000000000e+03
6.370000000000000000e+03
7.205000000000000000e+03
5.480000000000000000e+03
6.589000000000000000e+03
4.627000000000000000e+03
3.221000000000000000e+03
5.052000000000000000e+03
2.581000000000000000e+03
9.565000000000000000e+03
9.924000000000000000e+03
5.081000000000000000e+03
4.736000000000000000e+03
4.280000000000000000e+03
6.703000000000000000e+03
4.331000000000000000e+03
2.373000000000000000e+03
4.124000000000000000e+03
4.863000000000000000e+03
4.356000000000000000e+03
1.253000000000000000e+03
3.576000000000000000e+03
9.963000000000000000e+03
8.005000000000000000e+03
1.070200000000000000e+04
9.283000000000000000e+03
7.404000000000000000e+03
5.095000000000000000e+03
6.285000000000000000e+03
1.026700000000000000e+04
6.655000000000000000e+03
1.938000000000000000e+03
6.159000000000000000e+03
6.279000000000000000e+03
8.324000000000000000e+03
2.443000000000000000e+03
1.055500000000000000e+04
2.654000000000000000e+03
3.936000000000000000e+03
5.061000000000000000e+03
2.521000000000000000e+03
2.676000000000000000e+03
1.911000000000000000e+03
4.010000000000000000e+03
2.991000000000000000e+03
6.129000000000000000e+03
3.868000000000000000e+03
7.241000000000000000e+03
2.990000000000000000e+03
4.554000000000000000e+03
5.076000000000000000e+03
3.765000000000000000e+03
6.265000000000000000e+03
9.555000000000000000e+03
4.618000000000000000e+03
6.202000000000000000e+03
4.030000000000000000e+03
4.775000000000000000e+03
6.164000000000000000e+03
7.143000000000000000e+03
1.063800000000000000e+04
1.064300000000000000e+04
2.522000000000000000e+03
4.954000000000000000e+03
3.341000000000000000e+03
6.097000000000000000e+03
5.165000000000000000e+03
4.328000000000000000e+03
5.981000000000000000e+03
5.773000000000000000e+03
8.901000000000000000e+03
5.845000000000000000e+03
4.226000000000000000e+03
5.979000000000000000e+03
1.000800000000000000e+04
6.714000000000000000e+03
5.311000000000000000e+03
6.145000000000000000e+03
7.027000000000000000e+03
4.589000000000000000e+03
7.070000000000000000e+03
1.011600000000000000e+04
5.326000000000000000e+03
8.417000000000000000e+03
7.386000000000000000e+03
6.176000000000000000e+03
6.808000000000000000e+03
2.647000000000000000e+03
9.255000000000000000e+03
3.495000000000000000e+03
2.728000000000000000e+03
7.245000000000000000e+03
8.147000000000000000e+03
2.243000000000000000e+03
4.555000000000000000e+03
6.377000000000000000e+03
7.611000000000000000e+03
1.645000000000000000e+03
5.531000000000000000e+03
1.952000000000000000e+03
6.271000000000000000e+03
7.667000000000000000e+03
5.528000000000000000e+03
5.019000000000000000e+03
9.230000000000000000e+03
8.113000000000000000e+03
3.829000000000000000e+03
2.225000000000000000e+03
2.575000000000000000e+03
7.049000000000000000e+03
4.115000000000000000e+03
1.020800000000000000e+04
3.789000000000000000e+03
3.886000000000000000e+03
8.693000000000000000e+03
6.905000000000000000e+03
1.084800000000000000e+04
3.446000000000000000e+03
7.148000000000000000e+03
6.063000000000000000e+03
5.749000000000000000e+03
4.049000000000000000e+03
8.368000000000000000e+03
2.303000000000000000e+03
1.001300000000000000e+04
5.905000000000000000e+03
6.714000000000000000e+03
1.034600000000000000e+04
5.092000000000000000e+03
7.254000000000000000e+03
3.621000000000000000e+03
6.288000000000000000e+03
5.633000000000000000e+03
5.616000000000000000e+03
3.256000000000000000e+03
4.311000000000000000e+03
4.259000000000000000e+03
5.785000000000000000e+03
3.071000000000000000e+03
6.715000000000000000e+03
2.401000000000000000e+03
2.291000000000000000e+03
7.729000000000000000e+03
6.457000000000000000e+03
3.509000000000000000e+03
3.436000000000000000e+03
2.081000000000000000e+03
8.145000000000000000e+03
7.918000000000000000e+03
2.961000000000000000e+03
2.749000000000000000e+03
2.844000000000000000e+03
3.666000000000000000e+03
8.249000000000000000e+03
4.564000000000000000e+03
6.855000000000000000e+03
7.211000000000000000e+03
5.548000000000000000e+03
2.339000000000000000e+03
4.256000000000000000e+03
8.623000000000000000e+03
4.626000000000000000e+03
2.723000000000000000e+03
1.096200000000000000e+04
8.542000000000000000e+03
7.229000000000000000e+03
3.650000000000000000e+03
4.716000000000000000e+03
6.567000000000000000e+03
7.413000000000000000e+03
9.473000000000000000e+03
6.817000000000000000e+03
4.038000000000000000e+03
5.649000000000000000e+03
7.181000000000000000e+03
4.410000000000000000e+03
4.747000000000000000e+03
7.806000000000000000e+03
2.599000000000000000e+03
4.367000000000000000e+03
3.343000000000000000e+03
7.428000000000000000e+03
7.148000000000000000e+03
1.065200000000000000e+04
5.899000000000000000e+03
1.060100000000000000e+04
5.263000000000000000e+03
4.478000000000000000e+03
8.859000000000000000e+03
9.790000000000000000e+03
7.554000000000000000e+03
3.410000000000000000e+03
3.806000000000000000e+03
9.630000000000000000e+03
5.024000000000000000e+03
8.752000000000000000e+03
5.526000000000000000e+03
1.044600000000000000e+04
9.273000000000000000e+03
5.440000000000000000e+03
5.897000000000000000e+03
1.052800000000000000e+04
2.787000000000000000e+03
6.307000000000000000e+03
5.126000000000000000e+03
5.285000000000000000e+03
7.912000000000000000e+03
2.256000000000000000e+03
3.183000000000000000e+03
2.703000000000000000e+03
1.052300000000000000e+04
6.412000000000000000e+03
1.165000000000000000e+03
9.597000000000000000e+03
7.272000000000000000e+03
5.821000000000000000e+03
4.425000000000000000e+03
7.308000000000000000e+03
5.840000000000000000e+03
1.106000000000000000e+03
6.885000000000000000e+03
6.313000000000000000e+03
